chemical,protein,label
6741,ENSP00000231509,1
5480230,ENSP00000372191,0
216239,ENSP00000347942,1
2088,ENSP00000313681,0
64627,ENSP00000362401,0
5281969,ENSP00000362463,0
2968,ENSP00000306512,0
65750,ENSP00000261799,0
4168,ENSP00000176183,1
9934,ENSP00000325120,0
951,ENSP00000280155,1
3682,ENSP00000345659,0
4095,ENSP00000265724,1
3957,ENSP00000320709,0
23994,ENSP00000381717,1
54454,ENSP00000321821,0
5959,ENSP00000332659,1
4920,ENSP00000336528,1
2153,ENSP00000308549,1
2165,ENSP00000343190,0
23994,ENSP00000356480,1
2995,ENSP00000354859,1
65110,ENSP00000240139,0
5287844,ENSP00000361423,1
2854,ENSP00000328708,0
4745,ENSP00000327246,0
5408,ENSP00000305302,0
119461,ENSP00000292513,1
4296,ENSP00000258400,1
11804285,ENSP00000229416,0
71616,ENSP00000295400,0
1253,ENSP00000355866,0
5311023,ENSP00000356694,0
1117,ENSP00000361125,1
5278,ENSP00000337335,0
2761,ENSP00000256906,1
1051,ENSP00000261326,1
285,ENSP00000217426,0
5472,ENSP00000292614,0
4920,ENSP00000370254,1
26879,ENSP00000356022,0
3675,ENSP00000337915,1
5610,ENSP00000275216,1
4829,ENSP00000419692,1
5282279,ENSP00000155840,1
2833,ENSP00000261007,0
2538,ENSP00000336687,0
3310,ENSP00000225430,0
9400,ENSP00000410732,0
28417,ENSP00000263800,0
176870,ENSP00000289753,0
2200,ENSP00000263182,0
2131,ENSP00000326227,0
3016,ENSP00000295897,1
5202,ENSP00000330284,1
5743,ENSP00000301729,0
16960,ENSP00000225831,0
3086685,ENSP00000220584,0
3916,ENSP00000258400,1
16132139,ENSP00000451605,1
2826,ENSP00000270349,1
4044,ENSP00000431049,0
5359272,ENSP00000253792,0
23930,ENSP00000362674,1
104787,ENSP00000394624,1
449459,ENSP00000360154,0
5352,ENSP00000384296,0
444,ENSP00000327801,0
3394,ENSP00000262584,0
5405,ENSP00000255380,1
610479,ENSP00000241337,0
446220,ENSP00000332679,0
439260,ENSP00000245457,1
446220,ENSP00000306490,1
1117,ENSP00000292147,1
951,ENSP00000356671,0
2083,ENSP00000302150,0
107772,ENSP00000416293,0
3676,ENSP00000372023,0
1548943,ENSP00000377192,0
4850,ENSP00000296861,0
57242,ENSP00000352900,0
2803,ENSP00000386069,1
4991,ENSP00000378394,0
71301,ENSP00000416293,0
774,ENSP00000258042,1
2462,ENSP00000237858,0
3310,ENSP00000295101,0
5032,ENSP00000280155,1
252716,ENSP00000336687,0
23994,ENSP00000265164,1
36736,ENSP00000358022,0
838,ENSP00000359899,1
312,ENSP00000332679,1
3158,ENSP00000366506,1
192314,ENSP00000396308,0
5284569,ENSP00000265572,1
3086671,ENSP00000372088,0
3463,ENSP00000360317,1
5691,ENSP00000373700,0
5662,ENSP00000340684,0
55245,ENSP00000360939,0
11626560,ENSP00000361423,1
644077,ENSP00000199280,0
5401,ENSP00000316121,0
3715,ENSP00000370254,1
3241,ENSP00000389948,0
5283731,ENSP00000273064,0
2487,ENSP00000319730,0
5284603,ENSP00000394624,1
3285,ENSP00000288135,0
3602,ENSP00000255380,1
5376,ENSP00000353720,1
200,ENSP00000346148,1
92411,ENSP00000264381,0
115146,ENSP00000262033,0
951,ENSP00000261890,0
312,ENSP00000357204,1
2756,ENSP00000340330,0
961,ENSP00000216484,0
5556,ENSP00000262948,0
10836,ENSP00000354859,1
5149021,ENSP00000229239,0
657378,ENSP00000356671,0
312,ENSP00000250378,0
6037,ENSP00000321845,0
3449,ENSP00000215773,0
4160,ENSP00000379680,0
596,ENSP00000226444,0
5040,ENSP00000265724,1
3285,ENSP00000361275,0
55482,ENSP00000341390,0
4044,ENSP00000299964,0
644073,ENSP00000234961,1
23994,ENSP00000337761,1
60961,ENSP00000267377,1
71739,ENSP00000305372,1
65750,ENSP00000235382,0
2083,ENSP00000248437,0
1541,ENSP00000267377,1
1117,ENSP00000263967,1
14985,ENSP00000261349,0
1979,ENSP00000353165,0
951,ENSP00000354652,1
34521,ENSP00000258385,0
131432,ENSP00000256594,0
59693,ENSP00000332591,0
3381,ENSP00000332973,0
1117,ENSP00000418447,1
57379345,ENSP00000382697,0
15,ENSP00000343925,1
750,ENSP00000333667,1
1117,ENSP00000295087,1
5743,ENSP00000404029,0
42955,ENSP00000362344,0
5287969,ENSP00000275493,1
1683,ENSP00000284440,0
132624,ENSP00000304501,1
312,ENSP00000232607,1
2583,ENSP00000380247,0
5983,ENSP00000373884,0
5311018,ENSP00000257290,0
60961,ENSP00000325425,1
1117,ENSP00000265689,1
3340,ENSP00000306662,1
71120,ENSP00000365773,0
5770,ENSP00000451605,0
42955,ENSP00000291294,1
2332,ENSP00000256078,1
55482,ENSP00000353915,0
5401,ENSP00000317842,0
2833,ENSP00000327246,0
64627,ENSP00000253792,0
3198,ENSP00000363596,0
6918537,ENSP00000249041,0
774,ENSP00000289753,1
3827,ENSP00000428982,0
4585,ENSP00000258400,1
23930,ENSP00000273064,1
4585,ENSP00000369960,1
4042,ENSP00000370254,1
679,ENSP00000319730,1
158,ENSP00000394624,1
191,ENSP00000357920,0
5284570,ENSP00000234961,1
5743,ENSP00000407546,0
5524,ENSP00000309477,0
104842,ENSP00000265016,0
5462134,ENSP00000305480,0
941361,ENSP00000303775,0
5556,ENSP00000274547,1
3081361,ENSP00000231487,0
6040,ENSP00000448165,0
5530,ENSP00000308541,0
3198,ENSP00000332530,0
5362436,ENSP00000253792,0
5329102,ENSP00000297373,1
3304,ENSP00000206249,1
65064,ENSP00000266971,0
2978,ENSP00000454071,0
2561,ENSP00000261465,1
281,ENSP00000260118,0
667490,ENSP00000368727,1
4742,ENSP00000294973,0
59693,ENSP00000255030,0
3962,ENSP00000332887,0
1229,ENSP00000261733,0
5568,ENSP00000264818,0
2750,ENSP00000324648,0
35370,ENSP00000303424,0
2551,ENSP00000258168,0
5329102,ENSP00000381412,1
15897,ENSP00000376177,0
5358,ENSP00000337949,1
158,ENSP00000359991,0
2761,ENSP00000393333,0
5202,ENSP00000287820,1
9933475,ENSP00000263923,1
5656,ENSP00000275525,0
4788,ENSP00000302150,0
19861,ENSP00000264381,0
3086686,ENSP00000324740,1
4811,ENSP00000317842,1
68740,ENSP00000292427,0
4106,ENSP00000217426,0
4248,ENSP00000353915,0
5454,ENSP00000220584,0
5310960,ENSP00000352835,0
4630,ENSP00000332887,0
35370,ENSP00000419851,0
60852,ENSP00000230882,0
2099,ENSP00000342850,0
3405,ENSP00000260682,0
5626,ENSP00000344456,0
5959,ENSP00000351755,1
5610,ENSP00000325425,0
158,ENSP00000293897,1
610,ENSP00000351484,0
1089,ENSP00000263980,0
5311,ENSP00000362649,1
1821,ENSP00000366124,0
3913,ENSP00000263967,0
47811,ENSP00000258400,1
5452,ENSP00000319984,1
5022,ENSP00000216117,0
187,ENSP00000270776,0
2332,ENSP00000231487,1
16129682,ENSP00000203407,0
23994,ENSP00000276431,1
1117,ENSP00000308176,1
15602694,ENSP00000261755,0
35370,ENSP00000287907,0
253,ENSP00000256078,0
5202,ENSP00000369960,1
2476,ENSP00000366233,0
6040,ENSP00000263967,0
10096344,ENSP00000315013,0
2160,ENSP00000256906,1
3981,ENSP00000294973,0
3278,ENSP00000328173,0
5359272,ENSP00000354347,0
6291,ENSP00000319730,0
54746,ENSP00000011653,0
1683,ENSP00000309148,0
5362129,ENSP00000290866,1
66414,ENSP00000367309,0
8646,ENSP00000330032,0
5656,ENSP00000365851,0
1204,ENSP00000407546,1
4768,ENSP00000334592,0
54586,ENSP00000307235,0
1355,ENSP00000258400,1
1134,ENSP00000360247,0
439260,ENSP00000366506,1
191,ENSP00000332659,1
71307,ENSP00000334052,0
393599,ENSP00000329858,0
23994,ENSP00000388107,1
6675,ENSP00000326219,0
3937,ENSP00000329357,0
3081361,ENSP00000363092,0
2730,ENSP00000353791,0
750,ENSP00000353791,1
5408,ENSP00000343925,1
60961,ENSP00000332659,1
2519,ENSP00000181383,0
5572,ENSP00000360991,0
200,ENSP00000382595,1
5202,ENSP00000303775,1
6013,ENSP00000231509,1
3964,ENSP00000288699,0
26757,ENSP00000302232,0
2249,ENSP00000336868,0
72430,ENSP00000295640,0
5304,ENSP00000229416,0
5287969,ENSP00000373918,0
121850,ENSP00000265572,0
942,ENSP00000312663,1
85,ENSP00000384296,0
5865,ENSP00000231509,1
5374,ENSP00000269385,0
444732,ENSP00000262554,0
6437849,ENSP00000296412,0
298,ENSP00000348897,0
5360515,ENSP00000222382,0
4477,ENSP00000309741,0
26644,ENSP00000377947,0
5593,ENSP00000319984,1
5283731,ENSP00000237858,0
774,ENSP00000441600,1
4485,ENSP00000327255,0
3682,ENSP00000325548,0
2512,ENSP00000312189,0
3238,ENSP00000326219,0
2499,ENSP00000318351,0
5283731,ENSP00000287820,0
5472,ENSP00000293761,0
2995,ENSP00000181383,0
4430,ENSP00000354813,0
3153,ENSP00000354859,1
312,ENSP00000267568,1
2801,ENSP00000226730,0
774,ENSP00000292301,1
126941,ENSP00000359899,0
5486827,ENSP00000356591,0
5645,ENSP00000303830,0
1541,ENSP00000319343,0
124087,ENSP00000367545,0
441314,ENSP00000305692,1
2550,ENSP00000272190,1
3827,ENSP00000331912,0
23932,ENSP00000292614,0
158795,ENSP00000370526,0
5311018,ENSP00000340466,0
5731,ENSP00000261523,0
123878,ENSP00000364801,0
27400,ENSP00000377947,0
4168,ENSP00000353915,1
1072,ENSP00000216392,1
5314,ENSP00000315602,0
2726,ENSP00000358107,0
16133831,ENSP00000287936,0
4428,ENSP00000229416,0
951,ENSP00000361141,1
71246,ENSP00000384273,0
3823,ENSP00000358511,0
23994,ENSP00000404029,1
1117,ENSP00000355866,1
1117,ENSP00000366525,1
213023,ENSP00000289575,0
2803,ENSP00000222482,0
5311,ENSP00000378359,0
3750,ENSP00000304501,0
5360515,ENSP00000368066,0
5282381,ENSP00000327255,0
5202,ENSP00000176183,1
2487,ENSP00000333685,0
1615,ENSP00000385638,0
123686,ENSP00000354859,0
4629,ENSP00000357986,0
6918365,ENSP00000360541,0
446156,ENSP00000287936,1
3671,ENSP00000332659,0
158,ENSP00000333821,1
15897,ENSP00000258400,1
3715,ENSP00000370129,1
3547,ENSP00000262848,1
1541,ENSP00000293897,1
5001396,ENSP00000295897,1
6675,ENSP00000328777,0
33624,ENSP00000356972,0
312,ENSP00000223095,1
3017,ENSP00000254719,0
9400,ENSP00000430269,0
26644,ENSP00000220809,0
4745,ENSP00000386069,1
444732,ENSP00000215587,0
4992,ENSP00000352584,0
54687,ENSP00000261900,0
107971,ENSP00000324856,0
51634,ENSP00000341551,0
4984,ENSP00000262584,1
4768,ENSP00000369960,1
33036,ENSP00000369960,0
3598,ENSP00000315011,0
6013,ENSP00000360968,1
2551,ENSP00000409378,1
4044,ENSP00000354612,1
68760,ENSP00000296522,0
4932,ENSP00000251849,0
4688,ENSP00000267615,0
2750,ENSP00000262848,0
54369,ENSP00000261465,0
1051,ENSP00000216962,1
3308,ENSP00000354728,0
5029,ENSP00000355046,0
3981,ENSP00000216194,0
4369359,ENSP00000373700,0
19861,ENSP00000380247,1
3675,ENSP00000282957,0
3043,ENSP00000354532,1
6437850,ENSP00000367309,1
8646,ENSP00000324856,0
446156,ENSP00000360538,0
3547,ENSP00000309591,1
10635,ENSP00000432481,0
1701,ENSP00000276390,1
2735,ENSP00000294973,0
311,ENSP00000350491,1
10267,ENSP00000348918,0
26879,ENSP00000267568,0
439260,ENSP00000243911,1
60852,ENSP00000296411,0
2169,ENSP00000010404,0
216239,ENSP00000261799,1
3108,ENSP00000328777,0
3671,ENSP00000368066,0
785,ENSP00000322788,0
24267,ENSP00000240139,0
445154,ENSP00000337915,1
5283454,ENSP00000308750,0
19,ENSP00000249041,0
3676,ENSP00000373674,0
23925,ENSP00000293761,1
1117,ENSP00000290765,1
2370,ENSP00000301776,0
5195,ENSP00000315011,0
3081361,ENSP00000361423,1
114999,ENSP00000328708,0
6324663,ENSP00000341189,0
68848,ENSP00000258400,1
4189,ENSP00000451605,0
6215,ENSP00000358022,0
5362436,ENSP00000408695,0
2551,ENSP00000359285,1
119058,ENSP00000287022,1
1548943,ENSP00000344220,0
439260,ENSP00000307445,1
60809,ENSP00000307766,1
5281071,ENSP00000355330,0
5523,ENSP00000394624,1
23994,ENSP00000260227,1
2267,ENSP00000321656,0
1541,ENSP00000219240,0
3916,ENSP00000362401,0
5743,ENSP00000226444,0
5202,ENSP00000234371,1
158,ENSP00000359899,1
28417,ENSP00000217270,0
134018,ENSP00000361021,0
5497186,ENSP00000234961,1
4196,ENSP00000231509,1
2949,ENSP00000337332,0
838,ENSP00000312326,0
216239,ENSP00000428982,1
33624,ENSP00000367608,0
5582,ENSP00000294973,0
3494,ENSP00000346294,0
5282280,ENSP00000265572,1
1117,ENSP00000409007,1
27400,ENSP00000354859,1
71120,ENSP00000303830,0
4044,ENSP00000217270,0
2756,ENSP00000275493,0
5486827,ENSP00000266682,0
3406,ENSP00000332591,0
5462134,ENSP00000268097,0
6450551,ENSP00000288135,1
54459,ENSP00000222481,0
4159,ENSP00000320247,0
216239,ENSP00000375730,0
445154,ENSP00000356953,0
5562,ENSP00000311876,0
114999,ENSP00000319814,0
119380,ENSP00000335592,0
18830,ENSP00000364252,0
312,ENSP00000360247,1
92100,ENSP00000323811,0
3219,ENSP00000391826,0
3304,ENSP00000466799,0
679,ENSP00000272190,1
5480230,ENSP00000320043,0
123679,ENSP00000303522,0
3394,ENSP00000355046,0
3001055,ENSP00000366506,1
1219,ENSP00000265294,0
5095,ENSP00000316244,1
2826,ENSP00000355192,0
312,ENSP00000334145,1
54746,ENSP00000259271,0
10836,ENSP00000418603,0
11301,ENSP00000222673,0
951,ENSP00000420269,0
41987,ENSP00000350941,0
5533,ENSP00000306662,1
3585,ENSP00000266517,0
2662,ENSP00000285379,1
23925,ENSP00000370571,1
1117,ENSP00000385834,1
25075996,ENSP00000296411,0
446156,ENSP00000405573,0
2332,ENSP00000317159,0
774,ENSP00000369643,1
4673492,ENSP00000308541,0
1541,ENSP00000325425,0
3219,ENSP00000341390,0
26879,ENSP00000386069,0
9270,ENSP00000296122,0
1548992,ENSP00000262948,0
4080,ENSP00000331327,0
1117,ENSP00000286479,1
4020,ENSP00000216160,0
123885,ENSP00000366233,1
6433119,ENSP00000333568,0
801,ENSP00000268097,0
121850,ENSP00000226730,0
838,ENSP00000448059,1
3748,ENSP00000321845,0
610479,ENSP00000454071,0
38409,ENSP00000260682,1
942,ENSP00000359285,1
9395,ENSP00000265724,0
1979,ENSP00000277120,0
1130,ENSP00000355330,0
4430,ENSP00000275525,0
5202,ENSP00000359899,1
3343,ENSP00000236959,0
1593,ENSP00000324856,0
16129682,ENSP00000266970,0
5310985,ENSP00000306512,0
2826,ENSP00000347689,0
91605,ENSP00000304414,0
3009,ENSP00000286301,0
23994,ENSP00000250971,1
4430,ENSP00000394624,1
951,ENSP00000304414,1
643976,ENSP00000331201,0
4011,ENSP00000373700,0
5284596,ENSP00000360541,0
4106,ENSP00000369960,1
5283454,ENSP00000358511,1
5865,ENSP00000306866,0
16362,ENSP00000351410,0
3337,ENSP00000337949,1
2354,ENSP00000360645,0
5470,ENSP00000378890,0
23925,ENSP00000378323,1
3285,ENSP00000223366,0
54586,ENSP00000396308,1
1050,ENSP00000370129,0
4629,ENSP00000378191,0
60852,ENSP00000331912,0
445154,ENSP00000206249,1
393599,ENSP00000355086,0
5186,ENSP00000370223,0
3981,ENSP00000367959,1
439302,ENSP00000419970,0
5056,ENSP00000261465,0
5077,ENSP00000366124,0
160355,ENSP00000371929,0
60719,ENSP00000354859,0
31307,ENSP00000257248,0
6089,ENSP00000316244,1
166558,ENSP00000359211,0
444795,ENSP00000361642,0
2538,ENSP00000217426,0
4630,ENSP00000255380,1
1117,ENSP00000377969,1
51577,ENSP00000361423,0
3615,ENSP00000403852,0
16129679,ENSP00000368727,0
6426631,ENSP00000351410,1
5770,ENSP00000391826,0
3381,ENSP00000357986,0
23994,ENSP00000316854,1
2094,ENSP00000267568,0
158,ENSP00000303424,1
119058,ENSP00000203407,1
2548,ENSP00000375881,0
392622,ENSP00000262178,0
784,ENSP00000316339,1
9824,ENSP00000285949,0
121963,ENSP00000386171,0
5770,ENSP00000285930,0
151069,ENSP00000366482,0
3739,ENSP00000256906,0
9395,ENSP00000317842,1
5486827,ENSP00000221859,0
1117,ENSP00000321334,1
4495,ENSP00000231751,1
5709,ENSP00000306662,1
6230,ENSP00000342070,0
4080,ENSP00000354728,0
4635,ENSP00000265572,1
4636,ENSP00000331897,0
5311081,ENSP00000324740,0
5284627,ENSP00000281806,0
4547,ENSP00000351957,0
104787,ENSP00000265572,1
644077,ENSP00000353679,0
1132,ENSP00000263035,1
13342,ENSP00000226444,0
3035905,ENSP00000217901,0
2583,ENSP00000358301,1
4402,ENSP00000350785,1
19910,ENSP00000342070,1
2725,ENSP00000298910,0
36736,ENSP00000244051,0
119461,ENSP00000416293,0
5959,ENSP00000441600,1
54746,ENSP00000280155,1
444795,ENSP00000232217,1
6426631,ENSP00000308750,0
679,ENSP00000314508,0
5304,ENSP00000337746,0
2160,ENSP00000255380,1
936,ENSP00000222553,1
13109,ENSP00000245206,0
2987,ENSP00000348234,0
5056,ENSP00000254488,0
312,ENSP00000295897,1
77992,ENSP00000406157,0
68740,ENSP00000362273,0
643976,ENSP00000419970,1
5359272,ENSP00000265572,1
60842,ENSP00000344193,0
77992,ENSP00000361423,0
2476,ENSP00000256443,0
3891,ENSP00000313420,0
115146,ENSP00000308750,1
5005,ENSP00000282096,0
23931,ENSP00000377914,1
3559,ENSP00000376177,0
5485199,ENSP00000358327,0
5139,ENSP00000351908,0
1117,ENSP00000263341,1
1117,ENSP00000384408,1
2978,ENSP00000217901,0
10100,ENSP00000368439,0
42955,ENSP00000261465,0
890,ENSP00000385834,0
637542,ENSP00000386456,0
16132139,ENSP00000297494,0
16362,ENSP00000365926,0
1117,ENSP00000286301,1
31703,ENSP00000276373,0
9815499,ENSP00000362401,0
996,ENSP00000261799,0
702,ENSP00000263774,0
3155,ENSP00000319984,1
4585,ENSP00000380247,1
107772,ENSP00000221742,0
3386,ENSP00000270349,1
68844,ENSP00000361894,0
19143,ENSP00000360541,0
5462134,ENSP00000367959,1
5282280,ENSP00000254066,0
252716,ENSP00000176183,0
439260,ENSP00000369960,1
5358,ENSP00000307766,1
312,ENSP00000339867,1
3603,ENSP00000267101,0
5462501,ENSP00000266376,0
130731,ENSP00000333821,0
1405,ENSP00000363621,0
3857,ENSP00000384708,0
4248,ENSP00000292301,0
177236,ENSP00000298910,0
214,ENSP00000303424,1
2583,ENSP00000306662,0
298,ENSP00000363431,1
60961,ENSP00000280155,1
4631609,ENSP00000323811,0
10267,ENSP00000311876,0
51634,ENSP00000267845,0
637542,ENSP00000292147,0
3937,ENSP00000252519,1
3154,ENSP00000322909,0
774,ENSP00000302846,1
6450551,ENSP00000262545,0
34231,ENSP00000217244,0
2519,ENSP00000336630,1
4900,ENSP00000264657,0
23925,ENSP00000345774,0
187,ENSP00000261007,1
5408,ENSP00000222382,1
5755,ENSP00000363397,0
5487,ENSP00000391826,0
2689,ENSP00000349687,0
2812,ENSP00000256104,0
25075996,ENSP00000324806,0
5538,ENSP00000324804,0
34521,ENSP00000368752,0
5282280,ENSP00000280155,1
3494,ENSP00000278742,0
4991,ENSP00000229447,0
45272686,ENSP00000292513,0
6230,ENSP00000206249,1
4380,ENSP00000350256,0
72172,ENSP00000305302,0
222528,ENSP00000352584,0
4629,ENSP00000261937,0
2854,ENSP00000368727,0
4547,ENSP00000261755,0
3339,ENSP00000270570,0
10267,ENSP00000345771,1
4533,ENSP00000394624,1
3153,ENSP00000311291,0
77992,ENSP00000299529,0
6466,ENSP00000263980,0
5497186,ENSP00000345023,0
47936,ENSP00000354677,0
5363,ENSP00000360549,0
5281708,ENSP00000234590,0
5452,ENSP00000262554,0
6040,ENSP00000327070,0
745,ENSP00000216465,1
5202,ENSP00000369643,1
24267,ENSP00000348234,0
468595,ENSP00000310935,0
6468,ENSP00000273588,0
3405,ENSP00000303775,0
5533,ENSP00000256104,0
2169,ENSP00000341117,0
4253,ENSP00000454071,0
5381226,ENSP00000364361,0
312,ENSP00000356438,1
2462,ENSP00000264498,0
191,ENSP00000337949,1
5202,ENSP00000369530,0
4189,ENSP00000315011,0
941361,ENSP00000296411,0
3675,ENSP00000340684,1
14985,ENSP00000268097,0
23925,ENSP00000363512,1
1541,ENSP00000409007,0
5284596,ENSP00000278742,0
1593,ENSP00000364597,0
4533,ENSP00000386171,0
156391,ENSP00000335544,0
104858,ENSP00000251607,0
122296,ENSP00000308541,1
4042,ENSP00000357494,0
4078,ENSP00000255380,1
252716,ENSP00000367959,0
4745,ENSP00000354859,1
4495,ENSP00000222330,0
5361092,ENSP00000394624,1
5074,ENSP00000316244,1
71616,ENSP00000360372,1
23930,ENSP00000357066,1
68570,ENSP00000343925,1
5709,ENSP00000296545,0
445643,ENSP00000216330,1
1080,ENSP00000327268,0
9832383,ENSP00000327255,0
447700,ENSP00000319343,0
2995,ENSP00000378920,0
5530,ENSP00000361423,0
2812,ENSP00000307241,0
5358,ENSP00000321821,0
1065,ENSP00000265724,1
5526,ENSP00000342087,0
5610,ENSP00000318585,1
4688,ENSP00000361965,0
23994,ENSP00000265465,1
3034010,ENSP00000270776,0
5281071,ENSP00000290349,0
6013,ENSP00000216484,0
122335,ENSP00000261208,0
444008,ENSP00000337335,0
6834,ENSP00000409378,1
1541,ENSP00000332659,1
838,ENSP00000338072,1
9934,ENSP00000276431,0
214,ENSP00000292513,1
27400,ENSP00000367309,0
10836,ENSP00000394624,1
4196,ENSP00000355866,0
5959,ENSP00000234961,1
2160,ENSP00000319730,0
5329102,ENSP00000341189,1
2726,ENSP00000306490,1
3676,ENSP00000343027,0
2725,ENSP00000310928,0
2375,ENSP00000269466,0
5454,ENSP00000332887,0
3386,ENSP00000316244,1
3684,ENSP00000420269,0
6426631,ENSP00000301729,0
5281004,ENSP00000325312,0
4095,ENSP00000394624,1
158,ENSP00000257254,1
191,ENSP00000304501,1
444732,ENSP00000349576,0
60612,ENSP00000358596,0
718,ENSP00000369050,0
4894,ENSP00000339740,0
100788,ENSP00000216392,0
23994,ENSP00000300093,1
1979,ENSP00000409378,1
3559,ENSP00000306920,0
2165,ENSP00000358511,0
2563,ENSP00000215587,0
5362129,ENSP00000361642,0
4004,ENSP00000373700,0
23925,ENSP00000267814,0
644073,ENSP00000414334,0
3585,ENSP00000367102,0
5202,ENSP00000273430,1
4631,ENSP00000205402,0
4920,ENSP00000231509,1
3615,ENSP00000254301,0
4946,ENSP00000367959,1
838,ENSP00000354652,1
1117,ENSP00000284811,1
57379345,ENSP00000362361,0
4659568,ENSP00000354511,1
801,ENSP00000234371,0
936,ENSP00000360317,0
6918537,ENSP00000378394,0
679,ENSP00000216911,1
5726,ENSP00000356480,0
4829,ENSP00000340466,0
5282280,ENSP00000287907,1
2812,ENSP00000211122,0
643976,ENSP00000268379,1
60961,ENSP00000243911,1
439260,ENSP00000287907,1
3009,ENSP00000358223,0
2550,ENSP00000252519,1
610479,ENSP00000408526,0
148211,ENSP00000376177,0
3086686,ENSP00000353904,1
4534,ENSP00000364831,0
23930,ENSP00000326031,1
5311023,ENSP00000354652,1
1986,ENSP00000358107,1
5514,ENSP00000271450,0
4629,ENSP00000267101,0
3639,ENSP00000287907,0
5568,ENSP00000276373,0
5352624,ENSP00000285930,1
65889,ENSP00000407546,0
311,ENSP00000362481,0
5484727,ENSP00000290866,1
10836,ENSP00000261835,0
305,ENSP00000264381,1
2249,ENSP00000305372,1
1971,ENSP00000380514,0
4034,ENSP00000176183,0
129211,ENSP00000360968,0
4159,ENSP00000292301,0
3350,ENSP00000242375,1
3255,ENSP00000337915,1
119607,ENSP00000373884,0
60809,ENSP00000277865,0
5195,ENSP00000256906,0
445354,ENSP00000232217,1
951,ENSP00000359793,1
4369359,ENSP00000309504,0
68760,ENSP00000255380,0
1051,ENSP00000359532,0
836,ENSP00000343027,0
3405,ENSP00000352584,0
312,ENSP00000254976,1
114903,ENSP00000363205,0
5040,ENSP00000354193,0
104787,ENSP00000237858,0
104973,ENSP00000369960,1
5287844,ENSP00000381412,1
1979,ENSP00000306490,1
5202,ENSP00000342560,1
3869,ENSP00000343782,1
3337,ENSP00000306490,1
60787,ENSP00000337915,1
3749,ENSP00000351706,0
3343,ENSP00000325312,0
3916,ENSP00000276390,0
13342,ENSP00000301071,1
5359272,ENSP00000384400,0
2354,ENSP00000203407,0
5282280,ENSP00000249041,1
4885,ENSP00000223129,0
3410,ENSP00000223129,0
6437850,ENSP00000303147,0
951,ENSP00000353915,1
5329102,ENSP00000362608,1
115146,ENSP00000218758,0
1117,ENSP00000331831,1
25077992,ENSP00000285379,0
2914,ENSP00000231509,1
3295,ENSP00000358107,1
2153,ENSP00000292513,0
2771,ENSP00000428426,0
9270,ENSP00000206249,1
33624,ENSP00000292614,0
439176,ENSP00000231487,0
1130,ENSP00000364831,0
2119,ENSP00000381607,0
2519,ENSP00000216392,1
5040,ENSP00000222002,0
3121,ENSP00000308541,1
5497186,ENSP00000263980,0
5282054,ENSP00000273550,0
784,ENSP00000356438,1
191,ENSP00000302846,1
54586,ENSP00000297785,0
1117,ENSP00000333994,1
1117,ENSP00000302486,1
3823,ENSP00000325425,0
6054,ENSP00000350491,0
312,ENSP00000339740,1
108156,ENSP00000311032,0
3916,ENSP00000380247,1
5281037,ENSP00000263341,0
1051,ENSP00000245206,1
4883,ENSP00000358730,0
4485,ENSP00000322450,0
312,ENSP00000344193,1
4425,ENSP00000287820,0
23994,ENSP00000269466,1
126941,ENSP00000260118,1
1253,ENSP00000299855,0
10133,ENSP00000273430,0
5287969,ENSP00000266970,1
3682,ENSP00000215587,0
5578,ENSP00000396308,1
3340,ENSP00000344818,0
1072,ENSP00000404029,0
5381,ENSP00000351905,0
3918,ENSP00000227378,0
745,ENSP00000278742,1
1701,ENSP00000394624,0
1117,ENSP00000250559,1
2051,ENSP00000260970,0
4624,ENSP00000361125,0
2564,ENSP00000362273,0
961,ENSP00000315212,0
6437849,ENSP00000295897,0
4615,ENSP00000344220,0
6291,ENSP00000247970,0
2763,ENSP00000368572,0
4742,ENSP00000219070,0
6623,ENSP00000306606,0
2561,ENSP00000345659,0
43815,ENSP00000395574,0
2826,ENSP00000350136,0
961,ENSP00000308541,1
122033,ENSP00000403852,0
4160,ENSP00000366416,0
5593,ENSP00000306490,1
77992,ENSP00000419692,0
298,ENSP00000274192,0
5358,ENSP00000315644,0
23930,ENSP00000275300,0
5376,ENSP00000221859,0
2524,ENSP00000354532,0
2725,ENSP00000306662,0
1893,ENSP00000221859,0
2165,ENSP00000354499,0
4984,ENSP00000225430,1
3916,ENSP00000245552,0
27400,ENSP00000258400,1
446157,ENSP00000381333,0
3823,ENSP00000358783,0
5470,ENSP00000343925,1
5282280,ENSP00000289575,0
3153,ENSP00000264382,0
3684,ENSP00000324270,0
5408,ENSP00000454071,0
3086685,ENSP00000263923,1
3403,ENSP00000287936,1
3394,ENSP00000373918,0
34521,ENSP00000348911,0
171548,ENSP00000338018,0
2512,ENSP00000001008,0
449459,ENSP00000384490,0
4889,ENSP00000322991,0
1117,ENSP00000272190,1
60490,ENSP00000430432,0
314,ENSP00000222982,0
4036,ENSP00000349003,0
439260,ENSP00000353915,1
23977,ENSP00000285379,1
9270,ENSP00000301891,0
37464,ENSP00000257068,0
131432,ENSP00000303522,0
35370,ENSP00000247970,0
4369359,ENSP00000249396,0
785,ENSP00000358727,0
11804285,ENSP00000261465,0
961,ENSP00000261208,1
40841,ENSP00000219313,0
5512,ENSP00000367608,0
11804285,ENSP00000330032,0
65750,ENSP00000366124,0
3962,ENSP00000351035,0
4782,ENSP00000369960,1
1541,ENSP00000316244,1
59693,ENSP00000348234,0
25880656,ENSP00000347839,0
47936,ENSP00000229447,0
1541,ENSP00000257254,1
3108,ENSP00000346805,0
774,ENSP00000273430,1
447700,ENSP00000369960,0
951,ENSP00000351755,1
3308,ENSP00000356438,1
2487,ENSP00000394624,1
151166,ENSP00000364212,0
2519,ENSP00000299529,0
71246,ENSP00000364597,0
445643,ENSP00000240139,1
104741,ENSP00000345774,0
191,ENSP00000305372,1
2662,ENSP00000229794,1
3964,ENSP00000369960,1
3891,ENSP00000355645,1
667490,ENSP00000285930,0
610,ENSP00000403852,0
129211,ENSP00000399168,0
312,ENSP00000358327,1
5284371,ENSP00000306866,0
144,ENSP00000355046,0
4108,ENSP00000371110,0
9803852,ENSP00000288699,0
4883,ENSP00000358301,1
3304,ENSP00000359685,0
1253,ENSP00000414019,0
4811,ENSP00000366244,0
5593,ENSP00000231449,0
5512,ENSP00000366506,0
4442,ENSP00000322788,0
5408,ENSP00000285979,1
191,ENSP00000303147,1
3158,ENSP00000327801,0
9395,ENSP00000261733,0
10140,ENSP00000350256,0
311,ENSP00000361894,1
2405,ENSP00000234961,0
679,ENSP00000371138,1
774,ENSP00000245457,1
5401,ENSP00000326227,0
1204,ENSP00000276410,1
123686,ENSP00000256906,0
785,ENSP00000288602,0
40841,ENSP00000320503,0
4477,ENSP00000319984,0
57537,ENSP00000308541,0
68844,ENSP00000223095,0
54746,ENSP00000306662,1
72172,ENSP00000284811,0
3001028,ENSP00000410732,0
3340,ENSP00000349078,0
1541,ENSP00000243167,1
13342,ENSP00000234310,0
4066,ENSP00000358727,0
1080,ENSP00000280700,0
158,ENSP00000302846,1
5282280,ENSP00000313681,0
5475158,ENSP00000314606,0
5959,ENSP00000353165,0
5691,ENSP00000353452,1
5472,ENSP00000312326,0
131432,ENSP00000285979,0
10635,ENSP00000205402,0
445354,ENSP00000292301,0
774,ENSP00000367959,1
1117,ENSP00000337332,1
2662,ENSP00000308176,0
4688,ENSP00000164139,0
4369359,ENSP00000353731,1
3749,ENSP00000301776,0
961,ENSP00000356022,1
774,ENSP00000218721,1
5359272,ENSP00000272102,0
4528,ENSP00000385571,0
107778,ENSP00000363596,1
5726,ENSP00000296522,0
4095,ENSP00000219919,0
23930,ENSP00000350491,1
2119,ENSP00000372023,0
5139,ENSP00000363832,0
450,ENSP00000275300,1
2564,ENSP00000343204,0
444795,ENSP00000377721,1
951,ENSP00000249041,1
5702160,ENSP00000249396,0
3463,ENSP00000361894,0
424,ENSP00000264426,1
2131,ENSP00000307786,0
596,ENSP00000356853,1
3033538,ENSP00000306662,1
5284596,ENSP00000447173,0
5360515,ENSP00000261799,0
152945,ENSP00000454071,0
3446,ENSP00000218516,0
5480230,ENSP00000271450,0
158,ENSP00000304501,1
3762,ENSP00000331327,0
312,ENSP00000326031,1
4636,ENSP00000370526,0
5526,ENSP00000410076,0
4883,ENSP00000362401,0
5662,ENSP00000291294,0
2512,ENSP00000306662,1
2583,ENSP00000331602,0
9395,ENSP00000264381,1
2564,ENSP00000380247,1
1117,ENSP00000297261,1
1541,ENSP00000386069,1
1978,ENSP00000420269,0
441314,ENSP00000215587,0
2249,ENSP00000325690,0
1935,ENSP00000285949,0
151165,ENSP00000303522,1
3547,ENSP00000302486,0
60961,ENSP00000293897,1
4768,ENSP00000280155,1
35370,ENSP00000358730,0
656772,ENSP00000155840,1
15602694,ENSP00000331746,0
2761,ENSP00000222982,0
5311067,ENSP00000262320,0
3255,ENSP00000263025,0
92100,ENSP00000329357,0
5352,ENSP00000352584,1
6675,ENSP00000216714,0
16197727,ENSP00000262848,0
6726,ENSP00000363229,0
5472495,ENSP00000272928,0
65076,ENSP00000355206,0
1117,ENSP00000364709,0
6422124,ENSP00000264047,0
2914,ENSP00000262554,0
4168,ENSP00000354859,1
312,ENSP00000343027,1
6433119,ENSP00000222673,0
951,ENSP00000318077,1
60787,ENSP00000323071,0
5137129,ENSP00000379680,0
1117,ENSP00000261890,1
941651,ENSP00000273064,0
5281707,ENSP00000335620,0
5329099,ENSP00000221859,0
5523,ENSP00000265572,1
281,ENSP00000289575,0
6675,ENSP00000325120,0
5568,ENSP00000388107,0
60809,ENSP00000409378,1
36920,ENSP00000392411,0
1117,ENSP00000348918,1
176870,ENSP00000362649,0
3559,ENSP00000258400,1
312,ENSP00000262306,1
60961,ENSP00000328708,1
4830,ENSP00000280155,1
774,ENSP00000308549,1
5562,ENSP00000356853,0
3494,ENSP00000376177,0
450,ENSP00000226444,1
5959,ENSP00000255262,1
3343,ENSP00000304697,0
312,ENSP00000168216,1
3387,ENSP00000358327,0
35370,ENSP00000369816,0
5284569,ENSP00000350785,0
445420,ENSP00000256443,0
3603,ENSP00000377947,0
60809,ENSP00000337949,1
5076,ENSP00000228476,0
2978,ENSP00000420269,0
5281888,ENSP00000362401,1
4745,ENSP00000306881,0
44668,ENSP00000405965,0
60961,ENSP00000318077,1
942,ENSP00000299766,0
9815499,ENSP00000225740,0
2244,ENSP00000299766,0
5202,ENSP00000377948,1
16197727,ENSP00000216465,0
2551,ENSP00000264381,1
4108,ENSP00000302564,0
71616,ENSP00000408860,0
1117,ENSP00000298556,1
5526,ENSP00000356972,0
942,ENSP00000370989,0
122186,ENSP00000362401,0
1117,ENSP00000284440,1
2909,ENSP00000265724,1
1117,ENSP00000305372,1
444,ENSP00000164139,0
3648,ENSP00000222482,0
5512,ENSP00000216911,0
5011,ENSP00000265986,0
3168,ENSP00000263035,0
74989,ENSP00000261007,0
9642,ENSP00000231509,1
5358,ENSP00000431049,0
11597571,ENSP00000357494,1
3000,ENSP00000350425,0
6037,ENSP00000378191,0
942,ENSP00000332679,1
2051,ENSP00000384400,0
23932,ENSP00000326219,0
4911,ENSP00000296861,0
9815499,ENSP00000319984,0
3086686,ENSP00000333568,1
213023,ENSP00000367959,0
312,ENSP00000351035,1
5202,ENSP00000275216,1
1593,ENSP00000265465,0
44404987,ENSP00000359899,1
4419,ENSP00000343690,0
94701,ENSP00000343657,0
5472,ENSP00000324648,1
39042,ENSP00000235835,0
64627,ENSP00000410076,0
1979,ENSP00000255380,1
5284570,ENSP00000389103,0
2519,ENSP00000264193,0
60852,ENSP00000395574,0
10517,ENSP00000302478,0
1548886,ENSP00000258743,0
644073,ENSP00000366482,0
23977,ENSP00000444788,1
5287969,ENSP00000256443,1
6834,ENSP00000306490,1
5202,ENSP00000249016,1
3086686,ENSP00000266970,1
838,ENSP00000366416,1
2332,ENSP00000269980,1
5139,ENSP00000206249,0
57242,ENSP00000302967,0
4236,ENSP00000315011,0
3912,ENSP00000223366,0
5408,ENSP00000324648,1
9933475,ENSP00000261937,1
936,ENSP00000285930,0
9849616,ENSP00000321656,0
298,ENSP00000265572,1
60919,ENSP00000261890,0
3916,ENSP00000339260,0
2801,ENSP00000345023,0
2512,ENSP00000280155,1
65064,ENSP00000247970,1
4828,ENSP00000306490,0
6450551,ENSP00000261799,1
4911,ENSP00000261890,0
4828,ENSP00000266659,0
2726,ENSP00000367959,1
3340,ENSP00000360991,0
3153,ENSP00000265465,0
838,ENSP00000318077,1
5462134,ENSP00000276431,0
122296,ENSP00000308720,1
5527,ENSP00000302150,0
2200,ENSP00000267085,0
445354,ENSP00000215587,0
1117,ENSP00000352835,1
3154,ENSP00000346805,0
4585,ENSP00000358511,1
54454,ENSP00000305302,0
2854,ENSP00000340523,0
4533,ENSP00000315644,0
2156,ENSP00000381607,0
26721,ENSP00000331602,0
26879,ENSP00000349576,0
2476,ENSP00000300738,0
5035,ENSP00000206249,1
4106,ENSP00000297988,0
2818,ENSP00000287907,1
1609,ENSP00000241261,0
54693559,ENSP00000222382,0
114903,ENSP00000351905,0
643976,ENSP00000358107,0
838,ENSP00000332659,1
2370,ENSP00000292301,0
5186,ENSP00000285900,0
9642,ENSP00000260116,0
4788,ENSP00000298472,0
5097,ENSP00000466799,0
6436,ENSP00000360549,0
122296,ENSP00000350785,0
36920,ENSP00000306490,0
3658,ENSP00000233627,0
60961,ENSP00000255262,1
47811,ENSP00000301891,0
2551,ENSP00000339435,0
23994,ENSP00000061240,1
3603,ENSP00000306490,1
667467,ENSP00000332973,0
2116,ENSP00000356070,0
951,ENSP00000335544,1
3585,ENSP00000268097,0
59693,ENSP00000350491,0
23994,ENSP00000264832,1
60791,ENSP00000335304,0
298,ENSP00000249041,1
3413,ENSP00000310071,0
3957,ENSP00000355206,0
23977,ENSP00000324806,1
838,ENSP00000265572,1
2160,ENSP00000298171,0
9917021,ENSP00000364212,0
360682,ENSP00000313681,0
253,ENSP00000278412,0
9395,ENSP00000353720,1
3107,ENSP00000353731,1
667490,ENSP00000377914,0
5202,ENSP00000358301,1
4430,ENSP00000431418,0
4534,ENSP00000345023,0
9849616,ENSP00000403852,0
3615,ENSP00000419851,0
4100,ENSP00000331327,0
23930,ENSP00000315644,0
439260,ENSP00000359793,1
3430,ENSP00000370223,0
191,ENSP00000316244,1
3340,ENSP00000398632,0
6013,ENSP00000369816,1
104973,ENSP00000298942,0
60490,ENSP00000229239,0
5284569,ENSP00000352900,0
5593,ENSP00000319730,0
439260,ENSP00000332591,1
26721,ENSP00000341390,0
2724385,ENSP00000300738,0
2807,ENSP00000216714,0
5572,ENSP00000341390,0
1117,ENSP00000342385,1
4659568,ENSP00000352835,0
5001396,ENSP00000345774,0
5486827,ENSP00000274547,0
6505803,ENSP00000257290,0
5287969,ENSP00000264818,1
951,ENSP00000349003,1
1080,ENSP00000264498,0
4635,ENSP00000293860,0
5691,ENSP00000368645,0
1117,ENSP00000223095,1
3381,ENSP00000364475,0
5526,ENSP00000328173,0
252716,ENSP00000232975,0
5656,ENSP00000448059,0
5350,ENSP00000380252,1
5743,ENSP00000231509,1
1983,ENSP00000364486,0
3007,ENSP00000340684,1
15,ENSP00000333685,0
3494,ENSP00000254066,0
3964,ENSP00000347754,1
119380,ENSP00000359285,1
3916,ENSP00000011292,0
7054,ENSP00000005178,0
2689,ENSP00000227378,0
107772,ENSP00000364114,0
18794,ENSP00000332679,0
596,ENSP00000381607,0
5515,ENSP00000362401,0
5202,ENSP00000359532,1
3008,ENSP00000313432,0
2551,ENSP00000319984,1
3937,ENSP00000418447,0
3981,ENSP00000306606,0
187,ENSP00000255380,1
9803852,ENSP00000297792,0
9823820,ENSP00000277120,0
4095,ENSP00000362361,0
5497186,ENSP00000309565,0
23994,ENSP00000311032,1
1798,ENSP00000328708,0
5376,ENSP00000325120,1
6726,ENSP00000225740,0
305,ENSP00000266517,1
214,ENSP00000267101,0
4066,ENSP00000358107,0
4253,ENSP00000265572,1
6834,ENSP00000269571,0
107985,ENSP00000306920,0
6426631,ENSP00000323036,0
5281708,ENSP00000329374,0
94701,ENSP00000402084,0
5077,ENSP00000251535,0
4782,ENSP00000348897,0
5512,ENSP00000353915,0
2249,ENSP00000443194,0
2200,ENSP00000339435,0
312145,ENSP00000353452,1
5475158,ENSP00000351682,0
9815499,ENSP00000216117,0
3602,ENSP00000377948,0
593,ENSP00000293860,1
5466,ENSP00000282957,0
445643,ENSP00000234310,1
5035,ENSP00000264613,0
312,ENSP00000263025,1
1117,ENSP00000216714,1
123679,ENSP00000280155,1
5726,ENSP00000409378,0
2726,ENSP00000176183,1
108094,ENSP00000361965,0
2750,ENSP00000236959,0
2726,ENSP00000420168,0
5186,ENSP00000316786,0
3915,ENSP00000255380,0
60719,ENSP00000304501,0
4742,ENSP00000349576,0
392622,ENSP00000332887,0
5408,ENSP00000466799,1
115146,ENSP00000269385,1
3682,ENSP00000366156,0
16129682,ENSP00000339740,0
6422124,ENSP00000342560,1
5284603,ENSP00000370223,0
2726,ENSP00000320709,0
441314,ENSP00000340466,1
392622,ENSP00000365926,0
774,ENSP00000293897,1
1548943,ENSP00000228476,0
5530,ENSP00000222482,0
5538,ENSP00000363812,1
1117,ENSP00000378394,1
2724385,ENSP00000309741,1
3381,ENSP00000451560,0
200,ENSP00000348918,0
5567,ENSP00000268379,0
5330286,ENSP00000361423,0
9400,ENSP00000247970,1
5959,ENSP00000281806,1
23994,ENSP00000249396,1
5287844,ENSP00000266970,1
5311304,ENSP00000227378,0
2370,ENSP00000255380,1
10100,ENSP00000360939,0
5281605,ENSP00000348897,0
5538,ENSP00000358223,0
2735,ENSP00000292823,0
6291,ENSP00000296509,0
942,ENSP00000323511,0
439260,ENSP00000176183,1
312,ENSP00000360519,1
312,ENSP00000353483,1
1986,ENSP00000345659,1
1355,ENSP00000367959,1
4885,ENSP00000176183,1
3918,ENSP00000413074,0
2818,ENSP00000337949,1
176870,ENSP00000359211,0
446512,ENSP00000380157,0
23994,ENSP00000337332,1
5556,ENSP00000256594,0
1683,ENSP00000369050,0
312,ENSP00000288602,1
71301,ENSP00000354347,0
5329098,ENSP00000331327,0
10607,ENSP00000309649,0
2826,ENSP00000299565,1
2370,ENSP00000339001,0
149,ENSP00000366156,1
3559,ENSP00000386069,1
4212,ENSP00000308583,0
1548886,ENSP00000370254,1
9824,ENSP00000279247,0
31703,ENSP00000366482,0
54454,ENSP00000383042,0
439260,ENSP00000304501,1
445154,ENSP00000325425,1
5936,ENSP00000281806,0
2689,ENSP00000350785,0
4630,ENSP00000431418,0
4184,ENSP00000302811,0
107985,ENSP00000356438,1
4850,ENSP00000363115,0
1229,ENSP00000354813,0
25880656,ENSP00000360635,0
961,ENSP00000298942,1
596,ENSP00000252519,0
68740,ENSP00000418603,0
5280961,ENSP00000362810,0
24360,ENSP00000199280,0
5251896,ENSP00000334052,0
10517,ENSP00000336868,0
2244,ENSP00000353165,0
6726,ENSP00000444788,0
312,ENSP00000381607,1
4828,ENSP00000409378,0
60791,ENSP00000307786,0
961,ENSP00000220809,0
1117,ENSP00000225831,1
312,ENSP00000324806,1
3000,ENSP00000299847,0
4865,ENSP00000355330,0
9576912,ENSP00000395574,0
5281004,ENSP00000349576,0
5484727,ENSP00000264426,0
784,ENSP00000253799,1
439260,ENSP00000358783,1
3749,ENSP00000333667,0
2367,ENSP00000448059,0
47318,ENSP00000324856,0
114866,ENSP00000264498,0
6623,ENSP00000350136,0
5572,ENSP00000273550,0
92100,ENSP00000315011,0
2687,ENSP00000302846,0
4485,ENSP00000306662,0
3107,ENSP00000364649,0
2153,ENSP00000288135,0
4742,ENSP00000272190,1
2476,ENSP00000284811,0
5281071,ENSP00000306390,0
1117,ENSP00000356853,0
298,ENSP00000349003,1
5311067,ENSP00000307235,0
54687,ENSP00000287936,1
158,ENSP00000176183,1
3671,ENSP00000318355,0
114866,ENSP00000358223,0
3998,ENSP00000178638,1
2978,ENSP00000290354,0
5282054,ENSP00000280701,1
4830,ENSP00000354859,1
13342,ENSP00000319814,0
312,ENSP00000307241,1
399618,ENSP00000353904,1
5702160,ENSP00000366506,1
6675,ENSP00000333821,0
23930,ENSP00000216160,1
1117,ENSP00000231751,1
3295,ENSP00000355206,0
2726,ENSP00000289753,1
77992,ENSP00000378323,0
6450551,ENSP00000286301,1
3158,ENSP00000385638,0
5584,ENSP00000256999,0
424,ENSP00000344193,1
129211,ENSP00000322898,0
937,ENSP00000245960,0
3290,ENSP00000010404,0
1132,ENSP00000308938,0
92411,ENSP00000301071,0
774,ENSP00000318077,1
4261,ENSP00000245960,0
784,ENSP00000305974,0
57537,ENSP00000363397,0
5677,ENSP00000364721,0
9832383,ENSP00000369960,0
3278,ENSP00000335620,1
107688,ENSP00000264381,1
2153,ENSP00000304697,0
2161,ENSP00000347754,0
65110,ENSP00000236959,1
951,ENSP00000276410,0
149,ENSP00000353904,0
191,ENSP00000289753,1
4422,ENSP00000265572,1
4991,ENSP00000329093,0
9803852,ENSP00000396308,1
298,ENSP00000351755,1
23930,ENSP00000298910,1
60809,ENSP00000319984,1
838,ENSP00000281806,1
444795,ENSP00000245312,0
27400,ENSP00000263967,0
25077992,ENSP00000256104,0
3547,ENSP00000247970,0
291,ENSP00000292823,1
19143,ENSP00000265572,1
5202,ENSP00000360154,0
4850,ENSP00000312326,0
4919,ENSP00000295087,0
5324345,ENSP00000260118,0
54687,ENSP00000384296,0
134018,ENSP00000352222,0
657378,ENSP00000386029,0
8230,ENSP00000274545,0
1541,ENSP00000216194,0
6834,ENSP00000316244,0
2995,ENSP00000250559,0
3086686,ENSP00000257290,1
5078,ENSP00000323511,0
1134,ENSP00000330032,1
5472495,ENSP00000352835,0
4615,ENSP00000361021,0
4106,ENSP00000316244,1
191,ENSP00000292301,1
3684,ENSP00000343925,1
3585,ENSP00000325120,0
7370,ENSP00000328777,0
31307,ENSP00000231509,1
104842,ENSP00000356713,0
5523,ENSP00000295256,0
1117,ENSP00000322898,1
122187,ENSP00000356958,0
2160,ENSP00000289753,1
16132139,ENSP00000316854,0
23994,ENSP00000264668,1
5287844,ENSP00000308176,1
11243969,ENSP00000307786,0
60961,ENSP00000302846,1
5464105,ENSP00000263967,0
4828,ENSP00000358301,1
399618,ENSP00000361642,0
23931,ENSP00000383042,1
4742,ENSP00000318912,0
51550,ENSP00000373884,0
4212,ENSP00000265462,0
23931,ENSP00000334052,1
448537,ENSP00000351755,0
114999,ENSP00000349467,0
178103,ENSP00000290597,0
123686,ENSP00000336630,0
3295,ENSP00000258385,0
5472,ENSP00000252029,0
2564,ENSP00000266517,0
60825,ENSP00000226413,0
66414,ENSP00000310071,0
6422124,ENSP00000226279,0
19910,ENSP00000258400,0
5401,ENSP00000369960,1
4248,ENSP00000275216,0
5282381,ENSP00000302846,1
5381,ENSP00000418447,0
2462,ENSP00000430432,0
2978,ENSP00000327070,0
35370,ENSP00000299518,0
3762,ENSP00000367608,0
2561,ENSP00000404029,0
3158,ENSP00000334052,0
3964,ENSP00000358301,1
4585,ENSP00000277865,0
1117,ENSP00000377083,1
5358,ENSP00000322909,0
774,ENSP00000315011,1
3381,ENSP00000335620,0
5475158,ENSP00000001008,0
2169,ENSP00000352584,0
3463,ENSP00000351908,0
5281888,ENSP00000366506,0
5284603,ENSP00000345023,0
3684,ENSP00000362608,0
5287969,ENSP00000261799,0
3381,ENSP00000307235,0
2419,ENSP00000316244,1
8230,ENSP00000304697,0
445643,ENSP00000339867,0
122316,ENSP00000312286,0
723,ENSP00000357204,0
37464,ENSP00000316244,1
2812,ENSP00000255008,0
151165,ENSP00000337915,1
5743,ENSP00000209929,0
68570,ENSP00000300093,0
5515,ENSP00000360290,0
3494,ENSP00000306490,1
6436,ENSP00000232607,0
151165,ENSP00000301645,0
5533,ENSP00000316244,1
2477,ENSP00000362273,0
951,ENSP00000358783,1
131432,ENSP00000358107,0
6089,ENSP00000367959,1
13109,ENSP00000366244,0
312145,ENSP00000257904,0
5572,ENSP00000269033,0
10607,ENSP00000364709,0
936,ENSP00000251849,0
6436,ENSP00000260443,0
5588,ENSP00000325548,0
1117,ENSP00000314508,1
23925,ENSP00000353770,1
3285,ENSP00000337915,1
951,ENSP00000267549,1
4630,ENSP00000306490,1
2818,ENSP00000306662,1
838,ENSP00000350256,1
2689,ENSP00000316244,1
16129679,ENSP00000253799,0
3998,ENSP00000264047,0
4430,ENSP00000269466,0
119380,ENSP00000262848,0
4034,ENSP00000380247,1
312,ENSP00000396452,1
6436,ENSP00000368066,0
3308,ENSP00000335620,0
5282280,ENSP00000381740,0
2949,ENSP00000324124,0
60769,ENSP00000265462,0
55283,ENSP00000216951,0
6089,ENSP00000409378,0
5074,ENSP00000359976,0
5311304,ENSP00000380514,0
5486,ENSP00000351957,0
9824,ENSP00000299565,0
5287844,ENSP00000336528,0
23930,ENSP00000222330,0
3964,ENSP00000386069,1
312,ENSP00000337733,0
200,ENSP00000362481,0
2750,ENSP00000308583,0
750,ENSP00000323036,1
4011,ENSP00000367959,1
216239,ENSP00000257290,1
1117,ENSP00000232607,1
129806,ENSP00000388107,0
2818,ENSP00000256906,1
5556,ENSP00000336868,0
60961,ENSP00000350256,1
3153,ENSP00000350911,0
1541,ENSP00000350198,1
1204,ENSP00000299847,1
2987,ENSP00000325120,0
3749,ENSP00000296545,0
2564,ENSP00000305372,0
1978,ENSP00000321334,0
43815,ENSP00000270349,1
4430,ENSP00000234961,1
191,ENSP00000363596,1
702,ENSP00000221130,1
3413,ENSP00000342850,0
3964,ENSP00000409378,1
5329098,ENSP00000282397,1
19143,ENSP00000363988,0
723,ENSP00000330284,0
439176,ENSP00000444788,0
3916,ENSP00000316854,0
3869,ENSP00000361021,0
2119,ENSP00000360991,0
1117,ENSP00000324856,1
312,ENSP00000354347,1
5593,ENSP00000305714,0
450,ENSP00000370270,1
5691,ENSP00000297988,0
5363,ENSP00000292823,0
3016,ENSP00000264381,1
126941,ENSP00000370938,0
774,ENSP00000277942,1
5281071,ENSP00000267377,0
26644,ENSP00000367934,0
3954,ENSP00000284562,0
4080,ENSP00000220809,0
3107,ENSP00000209929,0
1609,ENSP00000266682,0
4108,ENSP00000292614,0
3008,ENSP00000366244,0
1593,ENSP00000361405,0
2247,ENSP00000337915,1
774,ENSP00000234961,1
38409,ENSP00000408695,0
3985498,ENSP00000306606,0
5656,ENSP00000367959,1
593,ENSP00000219252,1
216326,ENSP00000292147,0
4768,ENSP00000355920,1
5284603,ENSP00000262554,0
19910,ENSP00000061240,0
4536,ENSP00000342850,0
3177,ENSP00000218758,0
774,ENSP00000258400,1
5470,ENSP00000299267,0
16960,ENSP00000305372,0
2332,ENSP00000011653,1
2156,ENSP00000219070,0
2909,ENSP00000360538,0
4189,ENSP00000371929,0
468595,ENSP00000418447,0
4911,ENSP00000282397,0
1541,ENSP00000350256,1
439260,ENSP00000316244,1
4889,ENSP00000282841,0
5533,ENSP00000367959,1
28417,ENSP00000276431,0
23977,ENSP00000357066,1
2563,ENSP00000350616,1
6422124,ENSP00000251535,0
2477,ENSP00000358022,0
1117,ENSP00000292596,1
8230,ENSP00000266971,0
5267,ENSP00000451605,0
5775,ENSP00000349078,0
5983,ENSP00000262848,0
298,ENSP00000280155,1
4830,ENSP00000366488,0
104741,ENSP00000430269,1
593,ENSP00000288135,0
2995,ENSP00000316244,1
3433,ENSP00000290349,0
1701,ENSP00000245552,0
1775,ENSP00000262848,0
5408,ENSP00000360317,1
2051,ENSP00000269571,1
3016,ENSP00000299267,1
176870,ENSP00000327255,0
2131,ENSP00000219700,0
4742,ENSP00000350911,1
65064,ENSP00000215773,0
23994,ENSP00000199280,1
4976,ENSP00000293860,0
3658,ENSP00000314151,0
4066,ENSP00000323511,0
4112,ENSP00000360247,0
4829,ENSP00000367309,1
39042,ENSP00000332973,0
5790,ENSP00000268097,0
6466,ENSP00000362361,0
3177,ENSP00000369960,0
774,ENSP00000272928,1
5280723,ENSP00000245457,1
1065,ENSP00000319984,1
1051,ENSP00000350616,1
4629,ENSP00000350198,0
5452,ENSP00000307766,1
3168,ENSP00000296545,0
5578,ENSP00000368066,0
6436,ENSP00000266517,0
119461,ENSP00000315011,0
5472,ENSP00000337915,1
114892,ENSP00000360290,0
3671,ENSP00000358727,0
252716,ENSP00000386069,0
2215,ENSP00000176183,1
440120,ENSP00000308750,1
5533,ENSP00000386069,1
2685,ENSP00000339933,0
4383,ENSP00000447173,0
941651,ENSP00000351755,0
12560,ENSP00000245206,0
119182,ENSP00000316786,0
5310960,ENSP00000357981,0
2724385,ENSP00000363216,0
3962,ENSP00000287936,1
3682,ENSP00000358730,1
65076,ENSP00000358022,0
152945,ENSP00000274192,1
47318,ENSP00000346001,0
5251896,ENSP00000360290,0
5757,ENSP00000340278,0
6279,ENSP00000231509,1
5894,ENSP00000274192,0
191,ENSP00000304414,1
3198,ENSP00000341117,0
65110,ENSP00000364475,1
5936,ENSP00000360645,0
1798,ENSP00000285381,1
5376,ENSP00000265724,1
5578,ENSP00000321656,0
5074,ENSP00000265164,0
2987,ENSP00000354813,0
31703,ENSP00000218516,0
5567,ENSP00000358511,0
312,ENSP00000323071,1
55482,ENSP00000447173,0
305,ENSP00000378323,0
4742,ENSP00000258042,0
2802,ENSP00000289957,0
312,ENSP00000215773,1
7019,ENSP00000384490,0
937,ENSP00000279488,0
4296,ENSP00000355046,0
3519,ENSP00000346805,0
4189,ENSP00000260682,1
89594,ENSP00000357461,1
9824,ENSP00000258145,0
6437849,ENSP00000353770,0
23930,ENSP00000269980,1
5572,ENSP00000419692,0
156391,ENSP00000295897,1
456201,ENSP00000248114,0
1132,ENSP00000227868,1
3410,ENSP00000353720,0
5287844,ENSP00000347942,1
2662,ENSP00000005178,0
3845,ENSP00000322788,0
951,ENSP00000363431,1
8646,ENSP00000302111,0
5527,ENSP00000292614,0
2973,ENSP00000360608,0
2685,ENSP00000367545,0
439260,ENSP00000258400,1
5202,ENSP00000306662,1
2714,ENSP00000327246,0
16197727,ENSP00000299267,0
24267,ENSP00000384296,0
4713,ENSP00000302486,1
1541,ENSP00000231420,0
23994,ENSP00000321845,1
838,ENSP00000377948,1
6918365,ENSP00000337915,1
16129679,ENSP00000293897,0
4112,ENSP00000319984,0
3386,ENSP00000358511,1
3762,ENSP00000377721,0
27400,ENSP00000375892,0
3394,ENSP00000322617,0
1148,ENSP00000444788,1
387316,ENSP00000401508,0
208908,ENSP00000337915,1
838,ENSP00000293897,1
5287969,ENSP00000257904,1
3682,ENSP00000316121,0
1971,ENSP00000253792,0
2161,ENSP00000287936,0
9933475,ENSP00000257290,1
5352624,ENSP00000364361,0
961,ENSP00000278742,0
7054,ENSP00000229794,0
5137129,ENSP00000357986,0
2375,ENSP00000295897,1
4020,ENSP00000381412,0
1548886,ENSP00000340466,0
4495,ENSP00000250971,0
178103,ENSP00000385571,0
3168,ENSP00000442050,0
64715,ENSP00000243911,0
68740,ENSP00000282841,1
216235,ENSP00000315011,1
23994,ENSP00000413074,1
4236,ENSP00000304408,0
838,ENSP00000176183,1
2564,ENSP00000368752,0
11597571,ENSP00000268379,0
60961,ENSP00000350198,1
322,ENSP00000357066,0
2730,ENSP00000366488,0
8230,ENSP00000181383,0
4212,ENSP00000362608,1
3559,ENSP00000276431,0
2512,ENSP00000357494,0
60852,ENSP00000349078,1
2564,ENSP00000258400,0
3001028,ENSP00000235521,0
2161,ENSP00000257068,0
3404,ENSP00000362810,0
3158,ENSP00000367309,0
3285,ENSP00000336528,1
5757,ENSP00000343925,1
3639,ENSP00000290354,0
5078,ENSP00000229416,0
192314,ENSP00000255380,0
5530,ENSP00000359793,0
57242,ENSP00000353731,0
2730,ENSP00000252029,0
3304,ENSP00000287907,0
23994,ENSP00000364486,1
2550,ENSP00000233627,0
5567,ENSP00000330284,0
3739,ENSP00000316339,0
39042,ENSP00000368066,0
4020,ENSP00000270349,1
10607,ENSP00000359285,0
439260,ENSP00000255262,1
216239,ENSP00000288135,1
191,ENSP00000404029,0
9878,ENSP00000227507,0
2156,ENSP00000378191,0
100516,ENSP00000357461,0
36462,ENSP00000309968,0
5011,ENSP00000367959,1
3869,ENSP00000363205,0
8758,ENSP00000370938,0
191,ENSP00000350256,1
5538,ENSP00000352900,1
3937,ENSP00000419692,0
192314,ENSP00000216465,0
1134,ENSP00000342056,0
2968,ENSP00000367102,0
1117,ENSP00000356671,1
2987,ENSP00000273430,0
3762,ENSP00000314649,0
23994,ENSP00000304697,1
5581,ENSP00000393333,1
10096344,ENSP00000302111,0
9933475,ENSP00000347942,1
298,ENSP00000307766,1
5454,ENSP00000336528,0
178103,ENSP00000361275,0
31307,ENSP00000360519,0
3403,ENSP00000322909,0
177236,ENSP00000401508,0
108156,ENSP00000245457,0
1548999,ENSP00000319984,0
107688,ENSP00000328547,0
16156130,ENSP00000362353,1
2499,ENSP00000299565,0
5202,ENSP00000289753,1
191,ENSP00000249041,1
71246,ENSP00000352584,0
838,ENSP00000367959,1
5287969,ENSP00000286301,0
1541,ENSP00000307766,1
285,ENSP00000265593,0
5408,ENSP00000231509,1
3086686,ENSP00000328708,0
431328,ENSP00000351706,0
4745,ENSP00000219054,0
4850,ENSP00000264318,0
311,ENSP00000217901,1
564,ENSP00000263621,0
5311080,ENSP00000357461,0
892,ENSP00000323811,0
1117,ENSP00000206249,1
16129682,ENSP00000305302,0
311,ENSP00000327255,1
13109,ENSP00000276651,0
3419,ENSP00000353920,0
2761,ENSP00000312286,0
456201,ENSP00000257254,0
440120,ENSP00000290354,0
54693559,ENSP00000358301,0
2215,ENSP00000227868,0
5022,ENSP00000385571,0
2978,ENSP00000268379,0
996,ENSP00000290866,0
6468,ENSP00000301974,0
72271,ENSP00000376177,0
3222,ENSP00000374467,0
456201,ENSP00000307235,0
31703,ENSP00000200676,0
5556,ENSP00000268379,0
108094,ENSP00000251810,0
312,ENSP00000302441,1
1688,ENSP00000328973,1
2354,ENSP00000308720,1
3406,ENSP00000286301,0
23994,ENSP00000370571,1
23994,ENSP00000448165,1
252716,ENSP00000306662,0
387316,ENSP00000220584,0
5195,ENSP00000264613,0
3648,ENSP00000394624,1
100516,ENSP00000277942,0
4636,ENSP00000314407,0
1117,ENSP00000335357,1
3869,ENSP00000250699,0
72271,ENSP00000344220,1
610479,ENSP00000306881,0
2583,ENSP00000280155,0
4536,ENSP00000206249,1
65243,ENSP00000264318,0
439260,ENSP00000289753,1
23994,ENSP00000361845,1
5363,ENSP00000395473,1
311,ENSP00000360645,0
6436,ENSP00000295101,0
312,ENSP00000225275,1
5401,ENSP00000371067,0
14985,ENSP00000335084,0
4036,ENSP00000370129,1
60809,ENSP00000360247,0
311,ENSP00000356671,1
5408,ENSP00000369456,0
6918537,ENSP00000308938,0
94701,ENSP00000348944,0
596,ENSP00000232975,0
1130,ENSP00000265465,0
5005,ENSP00000290866,1
28417,ENSP00000325120,1
312,ENSP00000301776,1
5287844,ENSP00000385746,0
3603,ENSP00000324270,0
2120,ENSP00000356410,0
298,ENSP00000215587,0
208908,ENSP00000243911,0
5282280,ENSP00000350256,1
5202,ENSP00000441600,1
4782,ENSP00000256906,0
33624,ENSP00000343782,1
439260,ENSP00000448059,1
2169,ENSP00000264193,0
9395,ENSP00000263464,0
23994,ENSP00000265512,1
2687,ENSP00000386069,0
53232,ENSP00000445175,0
68844,ENSP00000315212,0
5352,ENSP00000216160,0
5281071,ENSP00000276410,0
3403,ENSP00000231509,0
5472,ENSP00000260682,1
7370,ENSP00000010404,0
54369,ENSP00000241337,0
4636,ENSP00000256078,0
18830,ENSP00000400175,0
6013,ENSP00000354728,0
5287844,ENSP00000222330,1
5311,ENSP00000448165,0
5865,ENSP00000297373,0
1117,ENSP00000362924,1
5360515,ENSP00000309845,0
119182,ENSP00000237858,0
4042,ENSP00000276410,0
5567,ENSP00000378890,0
312,ENSP00000325690,1
170361,ENSP00000359285,1
4485,ENSP00000372191,0
6505803,ENSP00000383042,0
158,ENSP00000243911,1
2564,ENSP00000273430,0
71246,ENSP00000276373,0
836,ENSP00000302811,0
5040,ENSP00000337915,1
3153,ENSP00000384708,0
66414,ENSP00000332887,0
15209,ENSP00000265593,0
298,ENSP00000257254,1
3684,ENSP00000322991,0
6675,ENSP00000307786,0
18794,ENSP00000345659,1
3547,ENSP00000261799,0
1117,ENSP00000219313,1
1405,ENSP00000385571,0
104741,ENSP00000409378,0
2771,ENSP00000270349,1
5032,ENSP00000270349,1
5011,ENSP00000251588,0
3603,ENSP00000324804,0
11804285,ENSP00000432481,0
446220,ENSP00000279247,0
23930,ENSP00000375892,1
774,ENSP00000361141,1
5281605,ENSP00000274547,0
3547,ENSP00000225831,1
23930,ENSP00000266970,1
5480230,ENSP00000394624,1
2249,ENSP00000310701,0
9933475,ENSP00000257904,0
178103,ENSP00000312326,0
5040,ENSP00000371138,1
291,ENSP00000368439,1
3391,ENSP00000344460,0
176870,ENSP00000432481,0
158,ENSP00000332659,1
6623,ENSP00000430432,0
60785,ENSP00000350491,0
23931,ENSP00000303208,1
2370,ENSP00000319984,1
5376,ENSP00000275493,1
65076,ENSP00000299529,0
6279,ENSP00000262584,0
3405,ENSP00000315602,0
637542,ENSP00000265512,0
4108,ENSP00000306490,1
5329102,ENSP00000373700,1
312,ENSP00000376176,1
2725,ENSP00000338018,0
5462134,ENSP00000225831,0
187,ENSP00000264047,1
1548999,ENSP00000380247,1
3671,ENSP00000251810,0
60791,ENSP00000359151,0
2524,ENSP00000231420,0
5359272,ENSP00000251607,0
2756,ENSP00000333821,0
187,ENSP00000319984,1
4993,ENSP00000274545,0
456201,ENSP00000385746,0
445420,ENSP00000216465,0
4080,ENSP00000320043,0
5538,ENSP00000360519,1
3915,ENSP00000301645,0
166558,ENSP00000303686,0
26879,ENSP00000206249,0
4485,ENSP00000361465,0
3343,ENSP00000312606,0
838,ENSP00000299766,1
191,ENSP00000358301,1
4036,ENSP00000354612,1
644073,ENSP00000323036,0
6918837,ENSP00000231751,0
5311304,ENSP00000260970,0
1935,ENSP00000325312,0
5486,ENSP00000360406,0
3295,ENSP00000357066,0
91605,ENSP00000358107,0
33036,ENSP00000176183,0
60787,ENSP00000335084,0
2487,ENSP00000232975,0
5530,ENSP00000235521,0
424,ENSP00000273588,0
5538,ENSP00000254227,1
2499,ENSP00000203407,0
2120,ENSP00000304697,0
9801640,ENSP00000316244,1
5582,ENSP00000324740,0
4036,ENSP00000370254,1
5029,ENSP00000382021,0
3034010,ENSP00000340330,0
5005,ENSP00000351957,0
3913,ENSP00000360519,0
57379345,ENSP00000359285,0
1072,ENSP00000375892,0
4885,ENSP00000350928,0
1117,ENSP00000362576,1
5310985,ENSP00000355206,0
122024,ENSP00000339960,0
6013,ENSP00000331602,0
3913,ENSP00000288602,0
5310960,ENSP00000366506,0
3158,ENSP00000357907,0
784,ENSP00000357920,1
5097,ENSP00000305974,0
54688,ENSP00000265724,1
501390,ENSP00000339740,0
2487,ENSP00000358595,0
311,ENSP00000380514,0
1117,ENSP00000274793,1
643976,ENSP00000219240,1
3381,ENSP00000231509,1
5959,ENSP00000249016,1
54688,ENSP00000352222,0
3845,ENSP00000405573,0
450,ENSP00000254066,1
11597571,ENSP00000232219,0
5610,ENSP00000360519,0
750,ENSP00000360608,1
5282381,ENSP00000245457,1
18830,ENSP00000367608,0
54693559,ENSP00000343925,0
3387,ENSP00000226444,0
15209,ENSP00000279488,0
312,ENSP00000234961,1
5284627,ENSP00000260682,0
312,ENSP00000365256,1
6917908,ENSP00000396308,1
92730,ENSP00000260682,0
108156,ENSP00000310935,0
1809,ENSP00000287907,1
4495,ENSP00000358730,0
4788,ENSP00000366156,0
16156130,ENSP00000276410,0
4485,ENSP00000345873,0
18830,ENSP00000234590,0
3883,ENSP00000358301,0
322,ENSP00000311572,1
5588,ENSP00000270139,0
3008,ENSP00000394624,1
4011,ENSP00000409378,1
3916,ENSP00000280155,1
4788,ENSP00000292147,0
312,ENSP00000368438,1
6623,ENSP00000209929,0
23994,ENSP00000331201,1
439260,ENSP00000306662,1
37464,ENSP00000328708,0
6037,ENSP00000446743,0
1541,ENSP00000328708,1
2512,ENSP00000263341,0
312,ENSP00000228434,1
3000,ENSP00000176183,0
5310985,ENSP00000329357,0
54746,ENSP00000354859,1
5959,ENSP00000256906,1
1548999,ENSP00000265572,0
33036,ENSP00000308549,0
6726,ENSP00000454071,0
5538,ENSP00000232219,1
774,ENSP00000257254,1
5374,ENSP00000396308,0
4055,ENSP00000254663,0
446220,ENSP00000351957,0
4042,ENSP00000380247,0
3937,ENSP00000329858,0
3000,ENSP00000345771,0
5757,ENSP00000206249,1
1071,ENSP00000360519,1
5202,ENSP00000287907,1
23994,ENSP00000288699,1
123878,ENSP00000306866,0
129211,ENSP00000288135,0
2051,ENSP00000011653,0
15,ENSP00000356438,0
3385,ENSP00000265572,0
178103,ENSP00000285930,0
3391,ENSP00000215587,0
5097,ENSP00000286301,0
4584,ENSP00000276373,0
312,ENSP00000264426,1
5186,ENSP00000245312,0
5497186,ENSP00000333685,0
4788,ENSP00000264318,0
4828,ENSP00000373884,0
4098,ENSP00000314649,0
4631609,ENSP00000364709,1
5001396,ENSP00000260682,1
3350,ENSP00000265164,0
5282381,ENSP00000269159,0
144,ENSP00000199280,0
4425,ENSP00000385638,0
104842,ENSP00000368752,0
1117,ENSP00000229135,1
24267,ENSP00000228434,0
3017,ENSP00000309968,0
10836,ENSP00000336630,1
252716,ENSP00000222673,0
108094,ENSP00000353770,0
644073,ENSP00000265572,1
71616,ENSP00000347689,0
5376,ENSP00000357981,0
2725,ENSP00000355086,0
2771,ENSP00000381740,0
5755,ENSP00000314606,0
1117,ENSP00000178638,1
3494,ENSP00000321988,0
1355,ENSP00000233627,0
5284596,ENSP00000384273,0
60809,ENSP00000364801,0
5311018,ENSP00000394624,1
2756,ENSP00000435412,0
4419,ENSP00000442050,0
54746,ENSP00000215587,0
439260,ENSP00000351755,1
6230,ENSP00000262948,0
2119,ENSP00000301891,0
2519,ENSP00000304915,0
5284570,ENSP00000240139,0
5578,ENSP00000001008,0
60961,ENSP00000354532,1
312,ENSP00000263967,0
5376,ENSP00000337915,1
4184,ENSP00000229416,0
5077,ENSP00000000233,0
3154,ENSP00000285379,1
5324345,ENSP00000386171,0
23994,ENSP00000325312,1
445154,ENSP00000216410,0
107778,ENSP00000349320,0
3585,ENSP00000431418,0
5870,ENSP00000206249,1
5408,ENSP00000242375,1
2812,ENSP00000230671,0
4636,ENSP00000367959,1
5526,ENSP00000354280,0
439260,ENSP00000302846,1
445643,ENSP00000286301,0
750,ENSP00000371236,1
5022,ENSP00000358730,1
6918638,ENSP00000383840,0
3602,ENSP00000262352,0
4595,ENSP00000176183,0
2725,ENSP00000394624,0
3033538,ENSP00000261937,0
5709,ENSP00000409378,0
119380,ENSP00000301776,0
9395,ENSP00000340330,0
5464105,ENSP00000003100,0
457954,ENSP00000225831,0
3290,ENSP00000290354,0
679,ENSP00000217244,1
5472,ENSP00000264498,0
3692,ENSP00000320171,0
5524,ENSP00000248041,0
5001396,ENSP00000322991,0
5959,ENSP00000322924,1
5011,ENSP00000341390,0
2367,ENSP00000348461,0
6426631,ENSP00000355206,0
393599,ENSP00000363115,0
11597571,ENSP00000308750,0
5287844,ENSP00000359532,0
158,ENSP00000335544,1
4926,ENSP00000306490,1
43815,ENSP00000364721,0
2803,ENSP00000367959,1
439176,ENSP00000377083,0
1978,ENSP00000268251,0
4248,ENSP00000360247,0
596,ENSP00000267615,0
4713,ENSP00000402084,0
3715,ENSP00000356438,1
5426,ENSP00000215832,0
312,ENSP00000301146,1
3337,ENSP00000338072,0
5512,ENSP00000256906,0
3715,ENSP00000306512,1
5287969,ENSP00000370270,0
312,ENSP00000306866,1
3155,ENSP00000306490,1
23994,ENSP00000231487,1
838,ENSP00000358730,1
312,ENSP00000354677,1
216239,ENSP00000348944,0
5304,ENSP00000312286,0
936,ENSP00000368552,1
4659568,ENSP00000299267,0
450,ENSP00000231509,1
5287969,ENSP00000362361,1
4666,ENSP00000265724,1
89594,ENSP00000359899,0
1614,ENSP00000292427,0
4112,ENSP00000396308,1
2161,ENSP00000338072,0
291,ENSP00000364721,0
5040,ENSP00000408526,0
23994,ENSP00000369816,1
5959,ENSP00000330284,1
6013,ENSP00000362463,0
2995,ENSP00000270349,1
216239,ENSP00000361423,1
5959,ENSP00000216330,0
2375,ENSP00000362353,0
4425,ENSP00000408526,0
5376,ENSP00000319814,0
156391,ENSP00000366244,0
4639,ENSP00000338018,0
3779,ENSP00000264382,0
68844,ENSP00000261900,0
596,ENSP00000181383,0
16197727,ENSP00000247970,0
951,ENSP00000332591,1
5662,ENSP00000356694,0
36462,ENSP00000295897,1
3494,ENSP00000255380,1
92411,ENSP00000227868,0
4098,ENSP00000342056,0
3682,ENSP00000312189,0
9815499,ENSP00000305302,0
5287969,ENSP00000254301,0
4380,ENSP00000225371,0
122187,ENSP00000311291,0
122335,ENSP00000320503,0
2548,ENSP00000252996,0
4631,ENSP00000305372,1
160355,ENSP00000333994,0
448537,ENSP00000354612,1
5202,ENSP00000327070,0
5726,ENSP00000280701,0
3308,ENSP00000256594,0
3648,ENSP00000236826,0
5894,ENSP00000362361,1
216239,ENSP00000286301,1
2687,ENSP00000360991,0
2801,ENSP00000377311,0
23994,ENSP00000280551,1
702,ENSP00000348911,0
4894,ENSP00000395473,0
4179,ENSP00000216714,0
448537,ENSP00000231509,1
1117,ENSP00000252996,1
66414,ENSP00000339001,1
5324345,ENSP00000346577,0
119607,ENSP00000333821,0
5329102,ENSP00000332816,1
1117,ENSP00000268097,1
6324663,ENSP00000364252,0
54746,ENSP00000369960,1
5077,ENSP00000320247,0
4908,ENSP00000312606,0
191,ENSP00000363431,1
2995,ENSP00000353731,0
23994,ENSP00000241261,1
4919,ENSP00000339933,0
5311080,ENSP00000252945,0
16197727,ENSP00000243911,1
1117,ENSP00000360939,1
446156,ENSP00000218758,0
11597571,ENSP00000300093,0
5330286,ENSP00000342235,0
1117,ENSP00000269033,1
1229,ENSP00000258400,1
745,ENSP00000382595,0
4168,ENSP00000358022,0
71120,ENSP00000376177,0
92411,ENSP00000306490,0
3016,ENSP00000267845,0
60961,ENSP00000376177,0
3883,ENSP00000297792,0
2088,ENSP00000368226,0
158,ENSP00000359532,1
5726,ENSP00000295897,1
961,ENSP00000319730,0
5572,ENSP00000361642,0
951,ENSP00000219252,0
745,ENSP00000287820,1
593,ENSP00000368439,1
60612,ENSP00000347717,0
445643,ENSP00000371138,1
1117,ENSP00000350425,1
6918537,ENSP00000353731,1
3392,ENSP00000231509,1
5593,ENSP00000012443,0
2354,ENSP00000259271,0
5593,ENSP00000409378,1
2803,ENSP00000280155,1
446155,ENSP00000322421,0
5726,ENSP00000414334,1
5775,ENSP00000231509,0
15897,ENSP00000273550,0
123878,ENSP00000394624,1
5472,ENSP00000297991,0
33036,ENSP00000256906,0
702,ENSP00000306606,1
1117,ENSP00000267568,1
23994,ENSP00000368438,1
65076,ENSP00000328173,0
3340,ENSP00000339740,0
5408,ENSP00000370129,1
4828,ENSP00000361894,0
4889,ENSP00000418603,0
2818,ENSP00000409378,1
4253,ENSP00000394624,1
11597571,ENSP00000317985,0
5311023,ENSP00000325120,0
4184,ENSP00000367959,1
5284603,ENSP00000370526,0
191,ENSP00000361965,1
122220,ENSP00000363092,0
252716,ENSP00000447378,0
5163,ENSP00000367959,1
3547,ENSP00000363092,1
158795,ENSP00000356958,0
644077,ENSP00000328777,0
5472,ENSP00000372088,0
2499,ENSP00000263980,0
6436,ENSP00000216392,0
57537,ENSP00000267615,0
5011,ENSP00000227868,0
312,ENSP00000241261,1
5485199,ENSP00000392859,0
5562,ENSP00000365926,0
5936,ENSP00000385638,0
3446,ENSP00000335357,0
679,ENSP00000061240,1
5090,ENSP00000245457,1
19910,ENSP00000322421,0
2689,ENSP00000354193,0
593,ENSP00000360290,0
2487,ENSP00000226279,0
68848,ENSP00000272102,0
5452,ENSP00000356920,0
124087,ENSP00000357067,0
5090,ENSP00000267615,0
23994,ENSP00000249042,1
5472,ENSP00000217426,0
9826744,ENSP00000409378,0
1205,ENSP00000319984,1
5311010,ENSP00000324270,1
5202,ENSP00000353915,1
3962,ENSP00000265724,1
1204,ENSP00000315602,1
2807,ENSP00000342560,0
3739,ENSP00000295897,1
4106,ENSP00000322924,1
47318,ENSP00000360154,0
5011,ENSP00000351682,0
5324345,ENSP00000245206,0
2524,ENSP00000287820,1
643976,ENSP00000360576,1
9395,ENSP00000368439,0
3222,ENSP00000282096,0
170361,ENSP00000331103,0
39860,ENSP00000356853,0
4036,ENSP00000356438,1
5726,ENSP00000343925,0
60919,ENSP00000320043,0
774,ENSP00000176183,1
2854,ENSP00000329357,0
65020,ENSP00000375893,0
65076,ENSP00000368438,0
3750,ENSP00000369816,0
57379345,ENSP00000262948,0
68740,ENSP00000396308,0
2818,ENSP00000316244,1
312,ENSP00000432481,1
312,ENSP00000000233,1
216239,ENSP00000288602,1
9878,ENSP00000359976,0
4440,ENSP00000301071,0
5311010,ENSP00000343204,0
4485,ENSP00000304697,0
3916,ENSP00000295256,0
745,ENSP00000380514,1
692,ENSP00000255030,0
5691,ENSP00000350425,0
702,ENSP00000265512,1
5702160,ENSP00000206249,0
445420,ENSP00000220584,0
5401,ENSP00000266971,0
11243969,ENSP00000357986,0
3016,ENSP00000330237,0
4673492,ENSP00000320709,0
148211,ENSP00000347754,1
3278,ENSP00000369141,0
1117,ENSP00000358596,1
6089,ENSP00000375730,0
951,ENSP00000337949,1
5282280,ENSP00000281806,1
3241,ENSP00000380247,1
23930,ENSP00000380514,1
2162,ENSP00000324648,1
312,ENSP00000284440,1
2662,ENSP00000373674,0
16362,ENSP00000289753,1
23931,ENSP00000391826,0
4428,ENSP00000296511,0
745,ENSP00000315644,1
114683,ENSP00000225275,0
1688,ENSP00000367615,0
5284627,ENSP00000369530,0
15209,ENSP00000011653,0
424,ENSP00000430269,0
3363,ENSP00000308541,0
3985498,ENSP00000238379,0
6505803,ENSP00000285949,0
2689,ENSP00000312286,0
4993,ENSP00000316244,0
123679,ENSP00000352900,0
1355,ENSP00000292614,0
1117,ENSP00000454071,1
936,ENSP00000267568,1
10096344,ENSP00000023897,0
774,ENSP00000343782,1
5508,ENSP00000354612,1
89594,ENSP00000306881,0
1917,ENSP00000368140,0
5282280,ENSP00000358511,1
4811,ENSP00000264381,1
3219,ENSP00000222553,0
3962,ENSP00000343204,0
253,ENSP00000288022,0
801,ENSP00000225577,0
311,ENSP00000344193,1
667467,ENSP00000380247,1
4927,ENSP00000370254,0
6623,ENSP00000287820,1
9871419,ENSP00000247970,0
5139,ENSP00000297494,1
4913,ENSP00000275300,1
2119,ENSP00000343782,1
5281071,ENSP00000267085,0
5894,ENSP00000345023,0
5210,ENSP00000332679,0
5352,ENSP00000268097,0
3964,ENSP00000306662,1
312145,ENSP00000373700,0
123015,ENSP00000277120,1
9917021,ENSP00000370989,0
191,ENSP00000299766,1
1117,ENSP00000227868,1
2662,ENSP00000358727,0
216326,ENSP00000332530,0
19143,ENSP00000364898,0
314,ENSP00000267085,0
951,ENSP00000303424,1
774,ENSP00000359899,1
5202,ENSP00000305372,1
15897,ENSP00000304915,0
158,ENSP00000353915,1
2756,ENSP00000317842,0
312,ENSP00000286621,1
1701,ENSP00000322788,0
5582,ENSP00000335592,0
2200,ENSP00000227507,0
11626560,ENSP00000357494,1
1117,ENSP00000264498,1
65076,ENSP00000255030,0
5462134,ENSP00000350616,0
4885,ENSP00000386069,1
3158,ENSP00000289753,1
3391,ENSP00000291294,1
4629,ENSP00000178638,0
2519,ENSP00000324124,0
5078,ENSP00000369456,0
23994,ENSP00000344818,1
312,ENSP00000264382,1
23925,ENSP00000263182,1
2247,ENSP00000367959,1
4108,ENSP00000322991,0
187,ENSP00000407546,1
107772,ENSP00000303147,0
5284570,ENSP00000366525,0
4495,ENSP00000368438,0
312,ENSP00000360687,1
291,ENSP00000312189,0
1548886,ENSP00000352584,1
3615,ENSP00000357907,0
2687,ENSP00000362344,0
838,ENSP00000351755,1
47811,ENSP00000220584,0
311,ENSP00000446743,1
121963,ENSP00000269385,0
468595,ENSP00000337915,1
3779,ENSP00000358301,1
5281071,ENSP00000268097,0
4631,ENSP00000358301,1
4383,ENSP00000358511,1
4036,ENSP00000367309,0
55283,ENSP00000386456,0
3086685,ENSP00000231420,0
3857,ENSP00000356022,0
3918,ENSP00000292596,0
5361092,ENSP00000307235,0
5095,ENSP00000298942,0
3198,ENSP00000295897,0
23994,ENSP00000325120,1
3869,ENSP00000331602,0
4595,ENSP00000353915,1
40841,ENSP00000413074,0
3517,ENSP00000231509,0
5770,ENSP00000361275,0
51577,ENSP00000340466,1
1051,ENSP00000341117,1
942,ENSP00000299847,1
5538,ENSP00000366093,1
439260,ENSP00000267549,1
5281707,ENSP00000343925,1
9395,ENSP00000339001,0
23994,ENSP00000369141,1
6918537,ENSP00000412237,0
4691,ENSP00000353720,0
3081361,ENSP00000263923,1
4984,ENSP00000375730,1
5452,ENSP00000367959,1
2714,ENSP00000357067,0
745,ENSP00000222330,0
4629,ENSP00000257248,0
2756,ENSP00000360541,0
3001055,ENSP00000410732,0
131432,ENSP00000323511,0
1051,ENSP00000216484,1
5497186,ENSP00000265572,1
155346,ENSP00000384408,0
5362129,ENSP00000264426,0
5311023,ENSP00000358223,0
4425,ENSP00000358730,1
444008,ENSP00000336630,0
23994,ENSP00000298171,1
5203,ENSP00000003100,0
1917,ENSP00000339260,0
60612,ENSP00000358022,0
2719,ENSP00000356713,0
2763,ENSP00000313681,0
5284549,ENSP00000353483,0
3222,ENSP00000370938,0
65110,ENSP00000346805,0
2200,ENSP00000363115,0
5381226,ENSP00000305974,1
3657,ENSP00000306881,0
191,ENSP00000362608,1
593,ENSP00000354193,0
6047,ENSP00000389103,0
4889,ENSP00000356853,0
439260,ENSP00000226413,1
23930,ENSP00000393333,0
16362,ENSP00000316244,1
3750,ENSP00000356671,0
4624,ENSP00000270349,1
9934,ENSP00000266970,0
5454,ENSP00000335084,0
91605,ENSP00000280154,0
11301,ENSP00000242375,1
5281004,ENSP00000251810,0
1071,ENSP00000299529,1
9875401,ENSP00000327070,0
2726,ENSP00000220584,0
91736,ENSP00000353920,0
445154,ENSP00000306662,0
446156,ENSP00000357461,0
4423,ENSP00000265572,1
890,ENSP00000333994,1
3081361,ENSP00000261937,1
5280961,ENSP00000343925,1
94701,ENSP00000353720,0
59768,ENSP00000386456,0
2160,ENSP00000285379,0
38409,ENSP00000447378,0
47318,ENSP00000346901,0
123015,ENSP00000347942,1
6037,ENSP00000005178,0
36314,ENSP00000306490,0
444795,ENSP00000380247,0
5078,ENSP00000276651,0
1405,ENSP00000315644,1
2689,ENSP00000217901,0
4984,ENSP00000363115,0
2551,ENSP00000384296,0
158795,ENSP00000235382,0
3559,ENSP00000362674,0
100516,ENSP00000396308,1
2724385,ENSP00000370213,0
66414,ENSP00000244137,0
158,ENSP00000301891,0
5311067,ENSP00000354813,0
5514,ENSP00000261799,0
5462134,ENSP00000409378,0
23925,ENSP00000289004,1
158795,ENSP00000322617,0
4630,ENSP00000284440,0
3158,ENSP00000235382,0
5645,ENSP00000231509,1
158,ENSP00000217270,1
4423,ENSP00000357461,0
1117,ENSP00000305480,1
951,ENSP00000333821,1
3671,ENSP00000345502,1
774,ENSP00000227378,0
2812,ENSP00000311032,0
443408,ENSP00000349320,0
5074,ENSP00000375893,0
445420,ENSP00000265512,0
23994,ENSP00000209668,1
667467,ENSP00000290765,0
4946,ENSP00000358301,1
4920,ENSP00000242375,1
5329099,ENSP00000387536,0
1117,ENSP00000405965,1
2826,ENSP00000229447,0
68848,ENSP00000311291,0
644073,ENSP00000265986,0
5405,ENSP00000315212,0
2247,ENSP00000287820,0
1117,ENSP00000260116,1
71616,ENSP00000324648,1
3391,ENSP00000367934,0
54746,ENSP00000333667,0
1148,ENSP00000305302,1
5203,ENSP00000360372,1
4493,ENSP00000368727,0
4528,ENSP00000322706,0
5408,ENSP00000353720,0
4402,ENSP00000331327,0
71616,ENSP00000218516,0
5352624,ENSP00000445175,0
6013,ENSP00000222982,1
192314,ENSP00000346671,0
312,ENSP00000215832,1
1615,ENSP00000293860,0
3911,ENSP00000328547,0
5508,ENSP00000353915,0
6675,ENSP00000308750,0
444008,ENSP00000301634,0
55482,ENSP00000256906,0
5078,ENSP00000380247,0
864,ENSP00000261208,0
644077,ENSP00000367608,0
23994,ENSP00000340330,1
457954,ENSP00000318912,0
5959,ENSP00000363431,1
126941,ENSP00000382697,0
5757,ENSP00000243167,0
4106,ENSP00000367959,1
68848,ENSP00000276410,0
91605,ENSP00000378920,0
3086686,ENSP00000265052,0
298,ENSP00000441600,1
16129679,ENSP00000356713,0
3086686,ENSP00000360290,1
4196,ENSP00000206249,1
2325,ENSP00000309477,0
6037,ENSP00000331201,0
2995,ENSP00000255380,1
5936,ENSP00000376176,0
23930,ENSP00000321070,1
92411,ENSP00000302150,0
5330286,ENSP00000363205,0
2405,ENSP00000305372,1
9815499,ENSP00000217426,0
114999,ENSP00000311469,0
4108,ENSP00000366416,0
23994,ENSP00000250378,1
4108,ENSP00000317159,0
5281969,ENSP00000362361,0
4422,ENSP00000409378,0
774,ENSP00000366506,1
54746,ENSP00000309845,0
4639,ENSP00000394624,1
4369359,ENSP00000359539,0
5408,ENSP00000347754,0
60961,ENSP00000358783,1
439176,ENSP00000329858,1
4830,ENSP00000380247,1
5282280,ENSP00000350198,1
3519,ENSP00000386069,1
5588,ENSP00000298556,0
6623,ENSP00000386171,1
1287,ENSP00000316854,0
107985,ENSP00000264047,0
456201,ENSP00000367408,0
4159,ENSP00000354387,0
4402,ENSP00000216962,0
4184,ENSP00000420168,0
745,ENSP00000290349,1
3404,ENSP00000273430,0
71120,ENSP00000367102,0
3547,ENSP00000266970,0
9871419,ENSP00000260118,0
961,ENSP00000328173,0
3602,ENSP00000409378,1
158,ENSP00000330284,1
298,ENSP00000386069,1
4078,ENSP00000306490,1
11626560,ENSP00000366156,0
6215,ENSP00000231509,1
936,ENSP00000176183,0
5284627,ENSP00000307786,0
10267,ENSP00000364486,1
13109,ENSP00000369816,1
2803,ENSP00000357981,0
644077,ENSP00000277120,0
41987,ENSP00000273062,0
26644,ENSP00000321070,0
9823820,ENSP00000243167,0
16197727,ENSP00000318077,1
35370,ENSP00000308176,0
3675,ENSP00000341658,0
3762,ENSP00000359991,0
1117,ENSP00000264914,1
5959,ENSP00000358783,1
3151,ENSP00000356694,0
6675,ENSP00000344193,0
5202,ENSP00000307766,1
100788,ENSP00000354387,1
951,ENSP00000255262,1
3337,ENSP00000276431,0
23932,ENSP00000266971,1
3603,ENSP00000305302,0
3676,ENSP00000290349,0
134780,ENSP00000418001,0
23994,ENSP00000380514,1
33624,ENSP00000358525,0
5251896,ENSP00000308720,0
942,ENSP00000407546,1
6040,ENSP00000335592,0
2375,ENSP00000340684,0
1117,ENSP00000256104,1
1224,ENSP00000354859,1
4865,ENSP00000331736,0
2169,ENSP00000310071,0
60961,ENSP00000304501,1
3981,ENSP00000307786,0
2685,ENSP00000335620,0
5508,ENSP00000315011,0
5311081,ENSP00000306390,0
1979,ENSP00000273430,0
1117,ENSP00000320147,1
745,ENSP00000279488,0
439260,ENSP00000322924,1
5035,ENSP00000358525,0
951,ENSP00000281806,1
5056,ENSP00000354612,1
55482,ENSP00000369960,0
5486827,ENSP00000265572,1
24466,ENSP00000342235,0
54693559,ENSP00000273430,1
439260,ENSP00000377948,1
60961,ENSP00000304414,1
564,ENSP00000382021,0
3397,ENSP00000321656,0
23925,ENSP00000306606,0
1117,ENSP00000309845,1
2477,ENSP00000235521,0
151166,ENSP00000285979,0
5163,ENSP00000399168,0
5743,ENSP00000340330,0
439260,ENSP00000299766,1
5464105,ENSP00000381607,0
4828,ENSP00000248114,0
5691,ENSP00000263967,1
1541,ENSP00000200676,0
23930,ENSP00000399168,1
1983,ENSP00000360939,0
92411,ENSP00000260970,0
5329098,ENSP00000352900,0
3964,ENSP00000319984,1
3750,ENSP00000332887,0
5983,ENSP00000363397,0
121850,ENSP00000362810,0
2311,ENSP00000301634,0
5610,ENSP00000265016,0
3394,ENSP00000349078,0
176870,ENSP00000275493,1
5983,ENSP00000217244,0
4585,ENSP00000176183,1
3154,ENSP00000372654,0
322,ENSP00000181383,0
4829,ENSP00000220809,0
12560,ENSP00000368572,0
667490,ENSP00000234454,0
4980,ENSP00000316244,1
3363,ENSP00000299855,0
5645,ENSP00000254227,1
667467,ENSP00000354859,1
4932,ENSP00000378394,0
3391,ENSP00000275300,0
10635,ENSP00000300093,0
941361,ENSP00000332771,0
750,ENSP00000325548,1
2909,ENSP00000304408,0
1051,ENSP00000322991,1
439260,ENSP00000267377,1
123885,ENSP00000365160,0
3449,ENSP00000292180,0
4976,ENSP00000431418,0
2563,ENSP00000265986,0
121850,ENSP00000280155,1
6013,ENSP00000343925,1
610,ENSP00000419970,0
4080,ENSP00000286621,0
698,ENSP00000365256,0
5350,ENSP00000312606,0
961,ENSP00000264613,1
4984,ENSP00000310219,0
312,ENSP00000360317,1
65064,ENSP00000219070,1
679,ENSP00000265462,1
4631,ENSP00000327268,0
2200,ENSP00000408526,0
104741,ENSP00000336528,1
6040,ENSP00000264832,0
5311304,ENSP00000394624,1
446157,ENSP00000354499,0
5408,ENSP00000248041,1
2477,ENSP00000354859,1
5726,ENSP00000301634,1
4595,ENSP00000303208,0
4745,ENSP00000316244,1
961,ENSP00000337733,0
2949,ENSP00000340330,0
6013,ENSP00000332679,1
5139,ENSP00000361141,0
10133,ENSP00000416293,0
4425,ENSP00000301729,0
60961,ENSP00000011292,0
4380,ENSP00000373700,0
3739,ENSP00000315013,0
3684,ENSP00000387536,0
5530,ENSP00000348918,0
5310960,ENSP00000358730,1
5581,ENSP00000419970,0
5077,ENSP00000353099,0
4946,ENSP00000287907,1
24466,ENSP00000249042,0
60825,ENSP00000221742,0
2230,ENSP00000261465,0
23925,ENSP00000310721,1
10100,ENSP00000255380,0
2332,ENSP00000360372,0
5314,ENSP00000264381,1
64627,ENSP00000257068,0
5137129,ENSP00000261799,0
5311081,ENSP00000234961,1
2550,ENSP00000362924,0
1117,ENSP00000361275,1
5281037,ENSP00000367608,0
285,ENSP00000320171,0
774,ENSP00000241256,1
12560,ENSP00000218721,1
3410,ENSP00000378295,0
10267,ENSP00000417214,0
9917021,ENSP00000299529,0
5352624,ENSP00000234961,0
60809,ENSP00000316244,1
3391,ENSP00000315212,0
312,ENSP00000257248,1
6013,ENSP00000261835,1
3238,ENSP00000298171,0
1683,ENSP00000414019,0
5524,ENSP00000386069,1
23994,ENSP00000302564,1
60490,ENSP00000263774,0
3086686,ENSP00000269385,0
23994,ENSP00000263182,1
5770,ENSP00000265724,1
4584,ENSP00000380514,0
468595,ENSP00000466799,0
1117,ENSP00000306512,1
10607,ENSP00000270570,0
774,ENSP00000363431,1
3559,ENSP00000354859,1
9826744,ENSP00000231420,0
191,ENSP00000287907,1
55245,ENSP00000342385,0
5284596,ENSP00000292596,0
4430,ENSP00000398632,0
104787,ENSP00000386284,0
5310985,ENSP00000364486,0
4383,ENSP00000309477,0
9576912,ENSP00000407546,0
312,ENSP00000435412,1
252716,ENSP00000252945,0
148211,ENSP00000363832,0
4830,ENSP00000360687,0
1117,ENSP00000410732,0
312,ENSP00000335620,1
750,ENSP00000216911,0
5677,ENSP00000261755,0
26757,ENSP00000280154,0
5761,ENSP00000339260,0
34521,ENSP00000325312,0
5137129,ENSP00000363229,0
2995,ENSP00000290765,0
12560,ENSP00000289753,0
16960,ENSP00000351755,0
1683,ENSP00000303208,0
4991,ENSP00000360687,0
5304,ENSP00000377083,0
1821,ENSP00000295087,0
9849616,ENSP00000363205,0
4666,ENSP00000337332,0
55283,ENSP00000337915,1
439260,ENSP00000366416,1
126941,ENSP00000263800,0
1541,ENSP00000249016,1
3033538,ENSP00000285379,0
123686,ENSP00000358301,1
2725,ENSP00000365773,0
3869,ENSP00000392411,0
1117,ENSP00000346577,1
51634,ENSP00000299855,0
941651,ENSP00000339740,0
4984,ENSP00000260443,1
951,ENSP00000362810,1
5731,ENSP00000343204,0
5362436,ENSP00000258400,1
23932,ENSP00000252519,0
5761,ENSP00000345771,0
3517,ENSP00000310701,0
961,ENSP00000373715,1
4100,ENSP00000367608,1
23977,ENSP00000296411,1
10267,ENSP00000364475,1
312,ENSP00000349576,1
1117,ENSP00000314407,0
1204,ENSP00000231948,0
838,ENSP00000451605,1
5593,ENSP00000176183,0
441314,ENSP00000366093,0
6279,ENSP00000281806,0
4993,ENSP00000380247,0
1224,ENSP00000270570,0
10280735,ENSP00000260324,0
3954,ENSP00000265572,1
3648,ENSP00000378323,0
1548999,ENSP00000280700,0
5195,ENSP00000367309,1
5709,ENSP00000263967,0
3340,ENSP00000280155,1
3154,ENSP00000431418,0
1117,ENSP00000269571,1
446157,ENSP00000277865,0
4666,ENSP00000353791,0
3035905,ENSP00000360519,0
951,ENSP00000234961,1
57537,ENSP00000337761,0
9933475,ENSP00000286301,1
85,ENSP00000360541,1
216235,ENSP00000316244,0
5732,ENSP00000382021,0
698,ENSP00000339867,0
1978,ENSP00000340523,0
3639,ENSP00000258168,0
3748,ENSP00000276431,0
4044,ENSP00000258042,0
6918837,ENSP00000316244,0
3913,ENSP00000351908,0
1148,ENSP00000345774,0
444732,ENSP00000381412,0
750,ENSP00000264381,1
179837,ENSP00000303423,0
191,ENSP00000322924,1
35370,ENSP00000324740,0
6726,ENSP00000307235,0
6230,ENSP00000358022,0
3086686,ENSP00000261937,1
5056,ENSP00000260682,1
72172,ENSP00000329093,0
36314,ENSP00000444788,0
2120,ENSP00000358525,0
57537,ENSP00000176183,1
2239,ENSP00000263800,0
5202,ENSP00000347754,1
5281707,ENSP00000369050,0
6450551,ENSP00000216911,1
2968,ENSP00000316244,0
23994,ENSP00000320043,1
1979,ENSP00000322617,0
5645,ENSP00000282957,0
838,ENSP00000234371,1
5743,ENSP00000366506,0
4428,ENSP00000267615,0
4383,ENSP00000258385,0
2051,ENSP00000386456,0
3295,ENSP00000363621,0
3107,ENSP00000314508,0
281,ENSP00000364801,0
54586,ENSP00000326227,0
1050,ENSP00000216194,0
158,ENSP00000451605,1
191,ENSP00000353731,1
3430,ENSP00000288022,0
2818,ENSP00000319984,1
2735,ENSP00000299518,0
4419,ENSP00000323071,0
3615,ENSP00000264832,0
3450,ENSP00000257290,0
3433,ENSP00000276410,0
4828,ENSP00000362401,0
564,ENSP00000261514,0
445420,ENSP00000371110,0
4100,ENSP00000360645,0
3007,ENSP00000362924,0
108156,ENSP00000012443,0
3684,ENSP00000312326,0
424,ENSP00000285900,1
216239,ENSP00000332887,0
5329102,ENSP00000353452,1
36314,ENSP00000378323,0
4108,ENSP00000313432,0
5278,ENSP00000285930,1
114892,ENSP00000327255,0
23994,ENSP00000287820,1
5040,ENSP00000001008,1
3603,ENSP00000216951,0
3615,ENSP00000342560,1
5352,ENSP00000362649,0
3386,ENSP00000309649,0
15897,ENSP00000306662,0
23994,ENSP00000363021,1
5726,ENSP00000342850,0
60490,ENSP00000361275,0
2267,ENSP00000303423,0
4160,ENSP00000225504,0
10100,ENSP00000376176,0
5544,ENSP00000364114,0
5556,ENSP00000367934,0
5362436,ENSP00000356920,0
31703,ENSP00000231449,0
3381,ENSP00000393333,0
745,ENSP00000229416,1
4108,ENSP00000258400,0
3337,ENSP00000261755,0
60825,ENSP00000265729,0
2512,ENSP00000365773,0
77918,ENSP00000265986,0
1440,ENSP00000216330,0
5202,ENSP00000358783,1
4160,ENSP00000339001,0
65110,ENSP00000315013,0
6450551,ENSP00000368552,0
2687,ENSP00000176183,0
5533,ENSP00000371554,0
65110,ENSP00000360608,0
755,ENSP00000299529,0
55245,ENSP00000352702,0
2088,ENSP00000318355,0
1117,ENSP00000368752,1
252716,ENSP00000362401,0
4095,ENSP00000288699,0
3310,ENSP00000356713,0
5280961,ENSP00000466799,1
5022,ENSP00000296412,0
54454,ENSP00000287936,1
23994,ENSP00000353099,1
54562,ENSP00000362608,0
2239,ENSP00000358327,0
178013,ENSP00000301776,0
4980,ENSP00000344818,0
33036,ENSP00000362401,0
3337,ENSP00000252996,0
1132,ENSP00000318351,1
5137129,ENSP00000378295,0
216235,ENSP00000428426,0
253,ENSP00000365256,0
71616,ENSP00000299766,0
2165,ENSP00000309148,0
564,ENSP00000329093,0
2995,ENSP00000319984,1
15209,ENSP00000012443,0
5203,ENSP00000350491,0
2512,ENSP00000386069,1
3008,ENSP00000333534,0
1117,ENSP00000311876,1
1355,ENSP00000447378,0
4742,ENSP00000299766,0
3911,ENSP00000226413,1
5376,ENSP00000379680,0
312,ENSP00000245960,1
4534,ENSP00000343657,0
3715,ENSP00000287820,1
951,ENSP00000389414,0
4830,ENSP00000265715,0
312145,ENSP00000257068,0
1809,ENSP00000340278,0
5202,ENSP00000255008,1
755,ENSP00000377549,1
2551,ENSP00000362674,0
3964,ENSP00000354859,1
1117,ENSP00000358022,1
16133798,ENSP00000381333,1
122220,ENSP00000375881,0
2325,ENSP00000216714,0
11626560,ENSP00000222982,0
702,ENSP00000357067,1
4745,ENSP00000258400,1
16362,ENSP00000256594,0
1979,ENSP00000168216,0
399618,ENSP00000441600,0
2120,ENSP00000285930,1
5281605,ENSP00000369050,1
216239,ENSP00000263923,1
5283454,ENSP00000254488,0
2826,ENSP00000304697,0
1798,ENSP00000349078,0
445643,ENSP00000001008,1
5702160,ENSP00000261835,0
10635,ENSP00000343925,1
4919,ENSP00000371236,0
1132,ENSP00000420168,0
123885,ENSP00000371535,0
72172,ENSP00000279247,0
1986,ENSP00000275605,0
198792,ENSP00000353165,0
387316,ENSP00000319343,0
3692,ENSP00000342560,1
50599,ENSP00000272298,0
11243969,ENSP00000354347,0
5512,ENSP00000319984,1
28417,ENSP00000215832,0
5288826,ENSP00000262545,0
4828,ENSP00000228476,0
2169,ENSP00000343782,1
3827,ENSP00000349687,0
3339,ENSP00000405965,0
16362,ENSP00000337949,1
3016,ENSP00000386029,1
5466,ENSP00000388107,0
4980,ENSP00000335511,0
2687,ENSP00000332679,0
6010,ENSP00000264818,0
2247,ENSP00000258400,1
3086686,ENSP00000373700,1
1051,ENSP00000344460,1
2249,ENSP00000231751,1
2499,ENSP00000237858,0
3241,ENSP00000275216,0
158795,ENSP00000308549,1
312,ENSP00000333685,1
5775,ENSP00000306490,0
5139,ENSP00000366482,0
23925,ENSP00000378306,1
216326,ENSP00000005178,0
122335,ENSP00000333994,1
5376,ENSP00000267845,0
3748,ENSP00000352835,0
564,ENSP00000308938,1
4547,ENSP00000258168,0
2807,ENSP00000334145,0
5076,ENSP00000348897,0
131432,ENSP00000263967,0
51577,ENSP00000168216,0
60785,ENSP00000275605,0
91605,ENSP00000261523,0
750,ENSP00000323549,1
3394,ENSP00000260682,1
3007,ENSP00000369960,1
107772,ENSP00000332816,0
5401,ENSP00000299964,0
5186,ENSP00000307445,0
16129682,ENSP00000301071,0
6466,ENSP00000348911,1
4011,ENSP00000306490,1
5352,ENSP00000370254,1
3086671,ENSP00000357986,0
1117,ENSP00000306920,1
5581,ENSP00000351908,0
44404987,ENSP00000260116,0
3255,ENSP00000377969,0
3964,ENSP00000264832,0
3676,ENSP00000293761,0
2119,ENSP00000280551,0
5012,ENSP00000222482,0
23930,ENSP00000382021,1
31703,ENSP00000353770,0
644073,ENSP00000287022,0
123679,ENSP00000356438,0
4946,ENSP00000304915,0
33624,ENSP00000305372,1
838,ENSP00000393333,1
444020,ENSP00000264382,1
2687,ENSP00000343782,1
23925,ENSP00000234310,1
2405,ENSP00000215773,0
501390,ENSP00000336528,0
4423,ENSP00000356438,0
3911,ENSP00000233627,0
298,ENSP00000322924,1
2761,ENSP00000354859,1
679,ENSP00000364709,1
6834,ENSP00000216194,0
3016,ENSP00000262584,0
1117,ENSP00000296511,1
3413,ENSP00000358107,0
4635,ENSP00000339260,0
3392,ENSP00000312189,0
5726,ENSP00000352584,0
2477,ENSP00000263774,0
3177,ENSP00000247970,0
5056,ENSP00000325425,1
3290,ENSP00000353679,0
501390,ENSP00000278412,0
9799453,ENSP00000274547,0
54746,ENSP00000361465,0
6291,ENSP00000345774,0
68740,ENSP00000262033,0
637542,ENSP00000269466,0
5284627,ENSP00000354347,0
2156,ENSP00000367545,0
1935,ENSP00000298910,0
1134,ENSP00000252029,1
119607,ENSP00000377192,0
5567,ENSP00000252029,0
5743,ENSP00000336528,1
5581,ENSP00000305372,1
4425,ENSP00000396308,0
936,ENSP00000249396,1
200,ENSP00000349320,0
2354,ENSP00000308938,0
1132,ENSP00000353165,1
3000,ENSP00000264047,0
3682,ENSP00000358301,1
2239,ENSP00000358301,1
445643,ENSP00000272298,1
444008,ENSP00000343925,1
5078,ENSP00000307766,1
5284604,ENSP00000265113,0
1117,ENSP00000353720,1
5401,ENSP00000313681,0
1593,ENSP00000005178,0
3391,ENSP00000371535,0
179837,ENSP00000308032,0
457954,ENSP00000328777,0
5361092,ENSP00000266682,0
191,ENSP00000328708,1
2487,ENSP00000262340,0
3957,ENSP00000360576,0
1117,ENSP00000362361,1
3603,ENSP00000318868,0
5381226,ENSP00000336528,1
2909,ENSP00000360372,1
1204,ENSP00000289957,1
312,ENSP00000358525,1
65750,ENSP00000354859,1
3387,ENSP00000418001,0
9578572,ENSP00000295055,0
3255,ENSP00000218721,1
5374,ENSP00000365256,0
5894,ENSP00000275493,0
59693,ENSP00000287820,0
445643,ENSP00000384490,0
444795,ENSP00000357204,1
1287,ENSP00000377969,0
4745,ENSP00000176183,1
16197727,ENSP00000447173,0
42955,ENSP00000245457,1
2685,ENSP00000314606,0
2375,ENSP00000265715,0
5527,ENSP00000229135,0
216235,ENSP00000256906,0
37464,ENSP00000366156,0
9865515,ENSP00000329374,0
6000,ENSP00000431049,0
60961,ENSP00000451605,1
9966051,ENSP00000343204,0
9803852,ENSP00000264613,0
4236,ENSP00000409007,0
60719,ENSP00000308549,0
2818,ENSP00000347754,1
191,ENSP00000249016,1
2803,ENSP00000319984,0
158,ENSP00000292301,1
2750,ENSP00000287820,1
5281888,ENSP00000334592,0
3964,ENSP00000380247,1
54586,ENSP00000301071,0
155346,ENSP00000263182,0
176870,ENSP00000357461,0
745,ENSP00000335620,1
3762,ENSP00000305372,1
2119,ENSP00000358301,1
6437850,ENSP00000256594,0
5530,ENSP00000261835,1
936,ENSP00000265016,1
60825,ENSP00000256104,0
23994,ENSP00000331327,1
158,ENSP00000358783,1
4236,ENSP00000357986,0
51550,ENSP00000199280,0
4168,ENSP00000339001,0
4631609,ENSP00000336687,0
3410,ENSP00000359991,0
312,ENSP00000308938,1
13342,ENSP00000233627,0
6040,ENSP00000308720,0
4456,ENSP00000225504,0
3158,ENSP00000367102,0
5523,ENSP00000383042,0
126941,ENSP00000396308,1
114892,ENSP00000347717,1
2519,ENSP00000309477,0
214,ENSP00000302846,1
3739,ENSP00000265016,0
439260,ENSP00000280155,1
72438,ENSP00000362361,0
4595,ENSP00000340466,0
3430,ENSP00000264818,0
2119,ENSP00000331602,0
60961,ENSP00000358730,1
54687,ENSP00000264690,0
311,ENSP00000272190,1
123679,ENSP00000364212,0
1117,ENSP00000395574,1
3153,ENSP00000310701,0
1548992,ENSP00000234961,0
122187,ENSP00000316244,1
444795,ENSP00000254066,1
2375,ENSP00000251607,0
5280961,ENSP00000265572,0
9966051,ENSP00000255262,0
179837,ENSP00000356410,0
643976,ENSP00000356972,1
3918,ENSP00000414019,0
1117,ENSP00000386284,1
19910,ENSP00000371110,0
2726,ENSP00000364212,0
5452,ENSP00000363229,0
5645,ENSP00000290765,0
4044,ENSP00000255008,0
4080,ENSP00000360372,0
4098,ENSP00000418001,0
119380,ENSP00000322898,0
45272686,ENSP00000276410,1
214,ENSP00000365773,0
3007,ENSP00000354728,0
5311018,ENSP00000371067,0
3446,ENSP00000335620,0
107688,ENSP00000265164,0
4192,ENSP00000337915,1
1229,ENSP00000377969,0
65020,ENSP00000377954,0
23925,ENSP00000219700,1
312,ENSP00000371236,1
4184,ENSP00000386069,1
1613,ENSP00000209929,0
5139,ENSP00000357494,0
170361,ENSP00000305714,0
5137129,ENSP00000228434,0
65020,ENSP00000319814,0
4745,ENSP00000355920,0
5677,ENSP00000264818,0
7054,ENSP00000306662,0
838,ENSP00000303424,1
5566,ENSP00000342070,0
5593,ENSP00000357981,0
298,ENSP00000358730,1
1548999,ENSP00000381333,0
68760,ENSP00000396308,1
2247,ENSP00000327251,0
4595,ENSP00000012443,0
3391,ENSP00000302111,0
222528,ENSP00000373674,0
1688,ENSP00000373700,0
9832383,ENSP00000354280,0
5284603,ENSP00000234961,1
5589,ENSP00000362576,0
6918638,ENSP00000225275,0
5284604,ENSP00000234961,1
2325,ENSP00000369960,1
104741,ENSP00000354280,0
1071,ENSP00000249041,0
6279,ENSP00000370129,1
5284595,ENSP00000378394,0
54687,ENSP00000256958,1
60785,ENSP00000347689,0
5163,ENSP00000332679,0
23994,ENSP00000333685,1
1405,ENSP00000257248,0
2118,ENSP00000222673,0
5894,ENSP00000317985,0
2169,ENSP00000371929,0
123686,ENSP00000360154,0
23994,ENSP00000301634,1
23994,ENSP00000338018,1
5408,ENSP00000337450,1
445420,ENSP00000354859,0
1117,ENSP00000351273,1
5280961,ENSP00000260447,0
5363,ENSP00000309148,0
5284371,ENSP00000260356,0
643976,ENSP00000263774,1
5526,ENSP00000308938,1
23930,ENSP00000325548,1
23994,ENSP00000367608,1
23994,ENSP00000252519,1
3547,ENSP00000217244,0
3304,ENSP00000373700,0
2230,ENSP00000297991,0
5280723,ENSP00000345771,0
446155,ENSP00000296412,0
24360,ENSP00000218516,0
1117,ENSP00000331201,1
5936,ENSP00000344220,0
4926,ENSP00000262584,0
5726,ENSP00000363431,0
5288826,ENSP00000349320,0
10635,ENSP00000261900,0
312,ENSP00000320247,1
1224,ENSP00000334052,0
34359,ENSP00000362674,0
2512,ENSP00000363512,0
65750,ENSP00000340330,0
5281708,ENSP00000251810,0
3081361,ENSP00000347942,1
55245,ENSP00000206249,1
2156,ENSP00000307241,0
6230,ENSP00000359532,0
126941,ENSP00000320171,0
4114,ENSP00000302111,0
60842,ENSP00000356920,0
2534,ENSP00000350491,0
123696,ENSP00000343204,0
5562,ENSP00000430432,1
2725,ENSP00000348918,0
439260,ENSP00000338072,1
9934,ENSP00000391826,0
5282280,ENSP00000304414,1
47318,ENSP00000356037,0
6422124,ENSP00000280155,1
4042,ENSP00000370129,1
71616,ENSP00000358511,0
774,ENSP00000353915,1
745,ENSP00000211122,1
2405,ENSP00000353915,0
10096344,ENSP00000353731,1
996,ENSP00000380157,0
951,ENSP00000448059,1
4850,ENSP00000217961,0
2524,ENSP00000181383,0
6279,ENSP00000342087,0
151165,ENSP00000358022,0
6466,ENSP00000364831,0
5284595,ENSP00000267085,0
3086686,ENSP00000262948,1
2753,ENSP00000366233,0
3016,ENSP00000331912,1
593,ENSP00000221859,1
4691,ENSP00000335544,0
6279,ENSP00000370254,1
2165,ENSP00000382697,0
5523,ENSP00000288135,0
4078,ENSP00000270349,0
5352624,ENSP00000240139,0
129211,ENSP00000357907,0
5022,ENSP00000302150,0
393599,ENSP00000261890,0
60490,ENSP00000383840,0
5056,ENSP00000337915,1
54454,ENSP00000312189,0
3310,ENSP00000295897,1
1287,ENSP00000219070,1
2332,ENSP00000287936,0
5757,ENSP00000295640,0
4771,ENSP00000296122,0
9917021,ENSP00000330032,0
3911,ENSP00000263967,0
4112,ENSP00000260118,1
392622,ENSP00000235521,0
6040,ENSP00000295101,0
19143,ENSP00000339740,0
119058,ENSP00000320709,0
71616,ENSP00000260682,1
838,ENSP00000303775,1
838,ENSP00000366506,1
23994,ENSP00000364114,1
23994,ENSP00000303634,1
2249,ENSP00000225740,0
6089,ENSP00000315212,0
3658,ENSP00000264657,0
5487,ENSP00000392411,0
100516,ENSP00000225430,0
456201,ENSP00000356022,0
2405,ENSP00000346577,0
2405,ENSP00000378323,0
5578,ENSP00000264193,0
4042,ENSP00000231509,1
3343,ENSP00000344460,0
104973,ENSP00000376176,0
5381226,ENSP00000375893,0
24466,ENSP00000355866,0
4042,ENSP00000206249,1
3517,ENSP00000405965,0
3086686,ENSP00000435412,1
784,ENSP00000356022,1
1349907,ENSP00000337761,0
4894,ENSP00000341390,1
5865,ENSP00000408695,0
123686,ENSP00000369960,0
774,ENSP00000351755,1
312,ENSP00000304697,1
2833,ENSP00000339001,1
24267,ENSP00000322788,0
134018,ENSP00000317985,0
2160,ENSP00000337949,1
679,ENSP00000308176,1
6010,ENSP00000256443,0
3086686,ENSP00000261799,1
2826,ENSP00000304501,0
72438,ENSP00000372023,0
9904,ENSP00000350425,0
5358,ENSP00000322924,1
3547,ENSP00000317985,1
4440,ENSP00000317985,0
64627,ENSP00000384273,0
5562,ENSP00000353099,0
6013,ENSP00000324648,1
838,ENSP00000315011,1
119058,ENSP00000318585,0
4927,ENSP00000364475,0
444,ENSP00000369100,0
1798,ENSP00000361642,0
5202,ENSP00000349003,1
3823,ENSP00000285949,1
104973,ENSP00000381607,0
5358,ENSP00000289753,1
15,ENSP00000261208,0
2051,ENSP00000264657,0
3158,ENSP00000306662,1
445643,ENSP00000395574,0
2477,ENSP00000337949,1
1089,ENSP00000305974,0
2551,ENSP00000257290,0
5022,ENSP00000360406,0
3639,ENSP00000264498,0
5011,ENSP00000345771,0
10140,ENSP00000377549,1
702,ENSP00000377083,1
5363,ENSP00000332771,0
5486827,ENSP00000333982,0
85,ENSP00000393333,0
3340,ENSP00000357067,0
439260,ENSP00000330284,1
4635,ENSP00000331912,0
5645,ENSP00000366416,0
4894,ENSP00000379133,0
3715,ENSP00000362463,1
443408,ENSP00000256999,0
122316,ENSP00000340684,1
312,ENSP00000369100,1
4004,ENSP00000263368,0
774,ENSP00000322924,1
54454,ENSP00000339260,0
3559,ENSP00000346294,0
5566,ENSP00000386069,1
838,ENSP00000234961,1
2239,ENSP00000255380,0
122220,ENSP00000265729,0
74989,ENSP00000219240,1
2162,ENSP00000231751,0
312,ENSP00000303147,1
3916,ENSP00000285381,0
5281888,ENSP00000353915,0
158,ENSP00000277942,1
2818,ENSP00000369960,1
2462,ENSP00000231509,1
1205,ENSP00000280700,0
191,ENSP00000330284,1
3382,ENSP00000250416,0
2094,ENSP00000356070,0
9934,ENSP00000377969,0
3602,ENSP00000365256,0
91649,ENSP00000218516,0
5593,ENSP00000303634,0
5524,ENSP00000370938,0
610479,ENSP00000365851,0
439260,ENSP00000359532,1
25075996,ENSP00000418001,0
4106,ENSP00000432481,0
5485199,ENSP00000356438,0
5662,ENSP00000363621,0
43815,ENSP00000240139,0
6918638,ENSP00000352835,0
951,ENSP00000225430,0
4423,ENSP00000311165,0
5362436,ENSP00000448165,0
750,ENSP00000313420,0
444795,ENSP00000303522,0
4542,ENSP00000379133,0
393599,ENSP00000396308,1
5566,ENSP00000289753,1
1614,ENSP00000332369,0
13109,ENSP00000217426,0
5281708,ENSP00000216714,0
94701,ENSP00000332771,0
4742,ENSP00000332679,0
4927,ENSP00000409378,1
114854,ENSP00000362401,0
4042,ENSP00000229277,0
312,ENSP00000313681,1
5538,ENSP00000377721,1
131432,ENSP00000336630,1
312,ENSP00000348944,1
23994,ENSP00000231509,1
5462134,ENSP00000003100,0
71301,ENSP00000316244,1
4485,ENSP00000266376,1
441300,ENSP00000324804,0
4168,ENSP00000360406,0
23994,ENSP00000378323,1
5282280,ENSP00000307766,1
3337,ENSP00000316244,1
5311018,ENSP00000302111,0
4829,ENSP00000267549,0
5281888,ENSP00000216392,0
2764,ENSP00000325690,0
25880656,ENSP00000314508,0
322,ENSP00000351410,0
4927,ENSP00000369960,1
60787,ENSP00000326031,0
5282280,ENSP00000012443,0
5454,ENSP00000272298,0
449459,ENSP00000304501,0
3295,ENSP00000265462,0
443408,ENSP00000234961,1
5677,ENSP00000286479,0
5330286,ENSP00000244051,0
312,ENSP00000252519,1
114866,ENSP00000360635,0
100516,ENSP00000234454,0
11626560,ENSP00000339503,1
2995,ENSP00000306490,1
23925,ENSP00000258168,1
54459,ENSP00000260447,0
5032,ENSP00000234310,0
1614,ENSP00000377311,0
745,ENSP00000420168,1
784,ENSP00000322421,1
2551,ENSP00000376611,0
1089,ENSP00000264498,1
443408,ENSP00000265462,0
5282381,ENSP00000349003,1
54746,ENSP00000258400,1
23930,ENSP00000285379,0
1132,ENSP00000335304,1
23994,ENSP00000365851,1
448537,ENSP00000310071,0
5466,ENSP00000308024,0
5757,ENSP00000219919,0
643976,ENSP00000367934,1
312145,ENSP00000366506,0
9823820,ENSP00000303686,0
5029,ENSP00000251810,0
431328,ENSP00000347689,0
3517,ENSP00000255380,0
2354,ENSP00000373884,0
1615,ENSP00000293761,0
3639,ENSP00000352900,0
3455,ENSP00000346148,0
1117,ENSP00000301776,1
838,ENSP00000217270,1
54746,ENSP00000264498,0
3033538,ENSP00000296412,0
40841,ENSP00000367934,0
3913,ENSP00000249016,0
774,ENSP00000335544,1
1117,ENSP00000260356,1
35370,ENSP00000353915,0
5195,ENSP00000309968,0
1117,ENSP00000266970,1
5314,ENSP00000343027,0
2267,ENSP00000391826,0
610,ENSP00000258743,0
5032,ENSP00000264498,0
5487,ENSP00000431418,0
3397,ENSP00000231420,0
5352,ENSP00000341117,0
123878,ENSP00000234111,0
5677,ENSP00000372654,0
11626560,ENSP00000262948,0
36920,ENSP00000261349,0
1798,ENSP00000285379,1
1615,ENSP00000219070,0
2332,ENSP00000377914,0
312,ENSP00000181383,1
19143,ENSP00000235521,0
3433,ENSP00000264657,0
6230,ENSP00000325120,1
941361,ENSP00000212015,0
39042,ENSP00000324124,0
11597571,ENSP00000273062,0
314,ENSP00000368140,1
4168,ENSP00000352900,0
1204,ENSP00000359285,1
5284627,ENSP00000466799,0
1117,ENSP00000320171,1
9904,ENSP00000354612,0
3062,ENSP00000363216,0
698,ENSP00000363596,0
5287844,ENSP00000012443,0
2332,ENSP00000308541,1
124087,ENSP00000241256,0
65064,ENSP00000409378,0
166558,ENSP00000268251,0
4036,ENSP00000269385,0
5656,ENSP00000385746,0
6047,ENSP00000301178,0
3350,ENSP00000296511,0
610479,ENSP00000225740,0
5562,ENSP00000247970,0
45272686,ENSP00000260682,0
448537,ENSP00000249042,0
1986,ENSP00000285381,1
213023,ENSP00000416293,0
92100,ENSP00000369816,0
170361,ENSP00000243167,0
171548,ENSP00000285900,0
15,ENSP00000265052,0
3086685,ENSP00000361423,1
4369359,ENSP00000298942,0
774,ENSP00000354652,1
59768,ENSP00000302846,0
6433119,ENSP00000319984,0
5526,ENSP00000263621,0
2230,ENSP00000335544,0
149,ENSP00000266970,0
5770,ENSP00000310928,0
644077,ENSP00000306866,0
64627,ENSP00000234111,0
2771,ENSP00000380247,1
5645,ENSP00000219070,0
6917908,ENSP00000370223,0
107772,ENSP00000349576,0
9395,ENSP00000281806,0
4666,ENSP00000222481,0
16133831,ENSP00000288022,0
838,ENSP00000267549,1
774,ENSP00000324270,1
3009,ENSP00000325690,0
5757,ENSP00000275300,1
3675,ENSP00000367934,0
3916,ENSP00000176183,1
1440,ENSP00000363512,1
4419,ENSP00000334145,0
3000,ENSP00000308176,0
5287844,ENSP00000277120,1
15,ENSP00000325120,1
60809,ENSP00000229239,0
5360515,ENSP00000357986,0
1117,ENSP00000304915,1
148211,ENSP00000292823,0
644077,ENSP00000364709,0
745,ENSP00000342385,1
6037,ENSP00000337733,0
5361092,ENSP00000269571,0
4044,ENSP00000312606,0
23994,ENSP00000297991,0
3918,ENSP00000320503,0
838,ENSP00000289753,1
298,ENSP00000358511,1
54562,ENSP00000275493,0
774,ENSP00000367545,0
5464105,ENSP00000325312,0
4108,ENSP00000264613,0
4659568,ENSP00000302232,0
3682,ENSP00000327255,0
6279,ENSP00000369141,0
5210,ENSP00000216714,0
119380,ENSP00000417214,0
85,ENSP00000319343,1
5743,ENSP00000368226,0
107807,ENSP00000266376,0
5311067,ENSP00000260443,0
5195,ENSP00000379133,0
5610,ENSP00000297785,0
836,ENSP00000272190,0
5959,ENSP00000332591,1
5408,ENSP00000448165,0
5731,ENSP00000225430,0
3463,ENSP00000317985,0
5202,ENSP00000366416,1
723,ENSP00000268379,0
3394,ENSP00000354612,1
439260,ENSP00000367959,1
1204,ENSP00000379133,0
424,ENSP00000368752,0
4688,ENSP00000350425,0
6279,ENSP00000343925,1
3158,ENSP00000280155,1
3394,ENSP00000292301,0
5311010,ENSP00000346001,0
5480230,ENSP00000442050,0
3405,ENSP00000396308,1
5311067,ENSP00000302111,0
4688,ENSP00000420269,0
5426,ENSP00000296411,0
3446,ENSP00000349320,1
129806,ENSP00000368226,0
9578572,ENSP00000356480,0
1117,ENSP00000296545,1
4745,ENSP00000354687,0
158,ENSP00000342560,1
4673492,ENSP00000285949,0
122316,ENSP00000336630,0
5959,ENSP00000322706,0
2051,ENSP00000360687,0
444008,ENSP00000368645,0
13342,ENSP00000261890,0
68848,ENSP00000337949,1
2987,ENSP00000350911,0
387316,ENSP00000441600,0
399618,ENSP00000292180,0
2987,ENSP00000346001,0
1117,ENSP00000296861,1
4629,ENSP00000369960,0
3001055,ENSP00000270139,0
439302,ENSP00000324270,1
9904,ENSP00000275300,0
122186,ENSP00000331201,0
26721,ENSP00000386284,0
129806,ENSP00000367934,0
745,ENSP00000381607,1
60809,ENSP00000367959,1
11597571,ENSP00000277120,1
9815499,ENSP00000258400,1
2978,ENSP00000345659,0
5587,ENSP00000350785,0
1809,ENSP00000258400,1
5311304,ENSP00000380157,0
446156,ENSP00000265729,0
3675,ENSP00000360317,1
961,ENSP00000256104,1
312,ENSP00000370213,1
71120,ENSP00000346901,0
643976,ENSP00000343190,1
2462,ENSP00000341390,1
298,ENSP00000255262,1
151069,ENSP00000215773,0
4425,ENSP00000386171,0
2949,ENSP00000206249,1
4894,ENSP00000332659,0
3883,ENSP00000225577,0
158,ENSP00000337949,1
5284604,ENSP00000363092,0
34521,ENSP00000367309,1
4495,ENSP00000309649,0
6013,ENSP00000370526,0
312,ENSP00000254488,1
3154,ENSP00000248041,0
5282381,ENSP00000362401,0
23930,ENSP00000332369,0
745,ENSP00000358727,1
2162,ENSP00000266376,1
5527,ENSP00000321988,0
2230,ENSP00000319984,1
6505803,ENSP00000353770,0
4369359,ENSP00000386171,0
5487,ENSP00000304697,0
3911,ENSP00000350928,0
3153,ENSP00000235382,0
5626,ENSP00000354511,0
6422124,ENSP00000348234,0
4742,ENSP00000376611,0
34521,ENSP00000302846,0
4850,ENSP00000326227,0
2685,ENSP00000358327,0
6013,ENSP00000256958,0
3739,ENSP00000361845,0
3168,ENSP00000340523,0
4932,ENSP00000226444,0
5137129,ENSP00000378890,0
10635,ENSP00000296411,0
23931,ENSP00000333982,1
3081361,ENSP00000257290,1
3241,ENSP00000317985,0
312,ENSP00000285979,1
3603,ENSP00000272928,0
72172,ENSP00000302486,0
59693,ENSP00000003100,1
3108,ENSP00000360773,1
5329102,ENSP00000263923,1
1117,ENSP00000364721,1
9933475,ENSP00000366506,0
26879,ENSP00000428982,0
3158,ENSP00000353720,0
1065,ENSP00000225831,0
151166,ENSP00000386284,0
1117,ENSP00000368066,1
4080,ENSP00000301634,0
23925,ENSP00000385834,1
5350,ENSP00000369643,0
4456,ENSP00000272102,0
2818,ENSP00000386069,1
312,ENSP00000362115,1
5202,ENSP00000249041,1
1917,ENSP00000318351,0
64627,ENSP00000386029,0
4106,ENSP00000354612,0
3559,ENSP00000380247,1
122316,ENSP00000253792,0
9576912,ENSP00000304501,1
2370,ENSP00000306490,1
123878,ENSP00000297988,0
431328,ENSP00000344193,0
123679,ENSP00000267101,0
4296,ENSP00000216465,0
2726,ENSP00000236826,0
3912,ENSP00000274793,0
1080,ENSP00000320043,0
60809,ENSP00000306490,1
149,ENSP00000309591,0
2730,ENSP00000337450,0
10280735,ENSP00000280155,0
3000,ENSP00000392709,0
801,ENSP00000291294,0
252716,ENSP00000358730,1
657378,ENSP00000308549,1
5691,ENSP00000255008,0
5936,ENSP00000363229,0
34231,ENSP00000362463,0
191,ENSP00000358511,1
5077,ENSP00000353720,1
23994,ENSP00000447173,1
9871419,ENSP00000282397,0
9799888,ENSP00000254663,0
16362,ENSP00000234961,1
5538,ENSP00000419692,1
158,ENSP00000393333,1
679,ENSP00000314441,0
667467,ENSP00000256078,0
9823820,ENSP00000367959,0
4585,ENSP00000409378,1
16129682,ENSP00000444788,0
5401,ENSP00000362353,0
122187,ENSP00000382697,0
774,ENSP00000255262,1
402,ENSP00000256104,0
5556,ENSP00000011292,0
100516,ENSP00000262033,0
5288826,ENSP00000302811,0
25077992,ENSP00000276373,0
19143,ENSP00000312286,0
1204,ENSP00000321070,0
5287969,ENSP00000262848,0
3985498,ENSP00000304767,1
4078,ENSP00000354859,1
2726,ENSP00000306662,1
16133831,ENSP00000337915,0
4850,ENSP00000369960,1
170361,ENSP00000262178,0
1117,ENSP00000347942,1
216239,ENSP00000405573,0
216326,ENSP00000364486,0
5544,ENSP00000236959,0
54688,ENSP00000342560,0
3062,ENSP00000267615,0
16132139,ENSP00000354728,0
2153,ENSP00000336630,1
23977,ENSP00000327268,0
2803,ENSP00000312326,1
5894,ENSP00000347942,0
1229,ENSP00000300738,0
5202,ENSP00000324270,1
4536,ENSP00000269466,0
50599,ENSP00000275493,0
5790,ENSP00000315644,1
6013,ENSP00000248041,1
216326,ENSP00000263980,0
27400,ENSP00000306490,1
47811,ENSP00000364709,0
12560,ENSP00000365926,0
59768,ENSP00000289753,0
445154,ENSP00000324270,0
2771,ENSP00000306490,1
4771,ENSP00000351908,0
5022,ENSP00000304501,1
10133,ENSP00000346671,0
1983,ENSP00000331831,0
5280961,ENSP00000304501,0
36811,ENSP00000338018,0
3715,ENSP00000267568,1
89594,ENSP00000274547,0
122220,ENSP00000265572,1
4894,ENSP00000353915,0
5137129,ENSP00000234961,1
446220,ENSP00000299565,1
2512,ENSP00000369960,1
9865515,ENSP00000265016,0
4865,ENSP00000231420,0
65110,ENSP00000323867,1
3762,ENSP00000347754,0
2367,ENSP00000331103,0
60919,ENSP00000273430,1
1065,ENSP00000217961,0
5709,ENSP00000280155,1
65110,ENSP00000363021,0
1205,ENSP00000241256,0
838,ENSP00000285379,1
5514,ENSP00000357981,0
3387,ENSP00000272190,0
1071,ENSP00000339001,0
107772,ENSP00000287022,0
1051,ENSP00000216392,1
5530,ENSP00000224356,0
5525,ENSP00000290866,1
3404,ENSP00000282397,0
838,ENSP00000321656,0
9875401,ENSP00000311032,0
5281004,ENSP00000231509,1
3403,ENSP00000260682,1
10100,ENSP00000380247,0
107772,ENSP00000394624,1
312,ENSP00000356425,1
679,ENSP00000316121,0
68848,ENSP00000343690,0
214,ENSP00000245457,1
698,ENSP00000343690,0
312,ENSP00000325425,1
4788,ENSP00000330032,0
178013,ENSP00000257290,0
5284595,ENSP00000234961,1
5280723,ENSP00000274547,0
3086686,ENSP00000263923,1
5282280,ENSP00000255008,1
322,ENSP00000362674,0
5743,ENSP00000272298,0
91605,ENSP00000250378,0
446220,ENSP00000374467,0
72172,ENSP00000359899,0
47811,ENSP00000360141,0
951,ENSP00000275216,1
5314,ENSP00000414334,0
91605,ENSP00000254719,0
1117,ENSP00000382697,1
5311,ENSP00000223095,0
298,ENSP00000394624,1
158,ENSP00000255262,1
10836,ENSP00000176183,1
1117,ENSP00000270776,1
6013,ENSP00000206249,1
2435,ENSP00000386069,1
1240,ENSP00000325425,0
2131,ENSP00000299855,0
23994,ENSP00000432481,1
9799888,ENSP00000363205,0
10635,ENSP00000206249,1
24360,ENSP00000253799,0
5556,ENSP00000023897,1
3916,ENSP00000301974,0
5702160,ENSP00000266970,0
191,ENSP00000354532,1
3397,ENSP00000262948,0
5556,ENSP00000386029,1
4666,ENSP00000432481,0
60787,ENSP00000265724,1
72271,ENSP00000346577,0
11626560,ENSP00000373700,1
10607,ENSP00000339001,1
3648,ENSP00000265593,0
4184,ENSP00000316244,1
11597571,ENSP00000264193,0
5362436,ENSP00000371138,0
448537,ENSP00000335084,0
25201794,ENSP00000280551,0
5588,ENSP00000255262,0
4829,ENSP00000264818,0
2724385,ENSP00000227868,0
55245,ENSP00000441600,0
6726,ENSP00000380247,1
23994,ENSP00000266659,1
3675,ENSP00000265729,0
50599,ENSP00000322450,0
3585,ENSP00000341189,0
3081361,ENSP00000262848,0
6505803,ENSP00000321334,0
1541,ENSP00000248437,0
2131,ENSP00000352702,0
4865,ENSP00000346805,0
3081361,ENSP00000363512,0
5202,ENSP00000257254,1
1688,ENSP00000290354,0
33624,ENSP00000286621,0
4493,ENSP00000260356,0
4168,ENSP00000372654,0
4383,ENSP00000316121,0
3463,ENSP00000295256,0
5480230,ENSP00000254488,0
6918365,ENSP00000256443,0
360682,ENSP00000396308,1
456201,ENSP00000003100,1
312,ENSP00000362608,1
4429,ENSP00000265572,1
3304,ENSP00000256958,0
68844,ENSP00000343782,0
4542,ENSP00000369816,1
311,ENSP00000327070,1
6623,ENSP00000327268,0
643976,ENSP00000365926,1
216326,ENSP00000181383,0
1775,ENSP00000260682,1
3918,ENSP00000354499,0
60769,ENSP00000355046,0
187,ENSP00000325312,0
2818,ENSP00000176183,1
5362129,ENSP00000345502,0
2812,ENSP00000219700,0
1205,ENSP00000305372,0
5527,ENSP00000295256,1
60785,ENSP00000233627,0
5311037,ENSP00000380247,0
4112,ENSP00000386171,0
37464,ENSP00000357067,0
10100,ENSP00000234961,1
158,ENSP00000289753,1
774,ENSP00000350198,1
124087,ENSP00000335511,0
2487,ENSP00000331831,0
54586,ENSP00000343657,0
3086685,ENSP00000261465,0
5662,ENSP00000366124,0
5284627,ENSP00000355517,0
2949,ENSP00000337450,0
2370,ENSP00000328547,0
60612,ENSP00000386069,1
667467,ENSP00000258400,1
312,ENSP00000318912,1
1609,ENSP00000357835,0
6918537,ENSP00000309591,0
23930,ENSP00000307900,1
3158,ENSP00000336528,0
3404,ENSP00000364597,0
5497186,ENSP00000263923,0
1548999,ENSP00000295101,0
3043,ENSP00000346001,0
54746,ENSP00000333685,0
3494,ENSP00000352222,0
3410,ENSP00000362481,0
3585,ENSP00000335511,0
5282381,ENSP00000377721,0
291,ENSP00000337915,0
5097,ENSP00000216962,0
755,ENSP00000229277,0
774,ENSP00000342560,1
2812,ENSP00000363216,0
3177,ENSP00000375730,0
5530,ENSP00000258042,0
6918638,ENSP00000302967,1
5589,ENSP00000369530,0
23930,ENSP00000318351,1
5186,ENSP00000316244,0
23977,ENSP00000288022,1
6433119,ENSP00000466799,0
1548999,ENSP00000234961,0
1614,ENSP00000310071,0
108156,ENSP00000254301,0
23931,ENSP00000311165,1
5757,ENSP00000317159,0
941361,ENSP00000380247,1
71616,ENSP00000229239,0
55482,ENSP00000305372,0
4991,ENSP00000357204,0
951,ENSP00000288022,0
4044,ENSP00000356438,1
187,ENSP00000339740,0
5282280,ENSP00000332771,0
13109,ENSP00000325120,1
126941,ENSP00000325425,0
23994,ENSP00000367545,1
71120,ENSP00000266970,0
19143,ENSP00000394624,1
11597571,ENSP00000270570,0
6450551,ENSP00000282397,1
122187,ENSP00000261208,0
19910,ENSP00000345774,0
5202,ENSP00000354652,1
1287,ENSP00000369816,0
656629,ENSP00000290866,1
115146,ENSP00000229277,0
3340,ENSP00000369960,1
5538,ENSP00000377947,1
60961,ENSP00000336630,1
57379345,ENSP00000282397,0
5076,ENSP00000376177,0
1117,ENSP00000400175,1
5287969,ENSP00000261900,1
23994,ENSP00000358022,1
71246,ENSP00000385746,0
3001055,ENSP00000226730,0
19861,ENSP00000225740,0
1117,ENSP00000360519,1
3381,ENSP00000367959,0
2215,ENSP00000454071,0
2487,ENSP00000354532,0
6917655,ENSP00000277865,0
3337,ENSP00000361965,0
1613,ENSP00000303424,0
2325,ENSP00000223095,0
13109,ENSP00000380514,0
439260,ENSP00000318077,1
3343,ENSP00000343782,1
3155,ENSP00000409378,1
23994,ENSP00000377969,1
2564,ENSP00000289753,0
5078,ENSP00000321070,0
3155,ENSP00000342087,0
439260,ENSP00000234961,1
312,ENSP00000265462,1
4630,ENSP00000216484,0
9865515,ENSP00000368572,0
444795,ENSP00000327801,0
444732,ENSP00000307766,0
4630,ENSP00000392411,0
3749,ENSP00000367102,0
2200,ENSP00000350256,0
6040,ENSP00000223129,0
5732,ENSP00000381412,0
5284569,ENSP00000225275,0
5282280,ENSP00000322924,1
2512,ENSP00000260324,0
6437849,ENSP00000320147,0
72271,ENSP00000372023,1
446512,ENSP00000295897,0
166558,ENSP00000251810,0
1117,ENSP00000290349,1
784,ENSP00000333994,1
6466,ENSP00000369960,0
36920,ENSP00000386171,0
5567,ENSP00000355330,0
5251896,ENSP00000347942,0
5324345,ENSP00000255380,0
305,ENSP00000384400,1
5282280,ENSP00000378306,0
44668,ENSP00000354554,0
387316,ENSP00000367408,0
57379345,ENSP00000310928,0
723,ENSP00000321070,1
4100,ENSP00000339260,0
2807,ENSP00000349003,1
679,ENSP00000381740,1
9966051,ENSP00000347754,1
124087,ENSP00000292427,0
6623,ENSP00000447378,0
443408,ENSP00000394624,1
3869,ENSP00000306606,0
5281969,ENSP00000243167,1
170361,ENSP00000254227,0
322,ENSP00000282957,0
119182,ENSP00000261326,0
2550,ENSP00000290866,1
5267,ENSP00000244051,0
501390,ENSP00000221466,0
322,ENSP00000386284,0
2968,ENSP00000275493,0
121963,ENSP00000217244,0
5470,ENSP00000261465,0
123015,ENSP00000363229,0
9576912,ENSP00000264595,0
5452,ENSP00000307241,0
23931,ENSP00000378191,1
5281888,ENSP00000256906,0
9395,ENSP00000382021,0
1148,ENSP00000442050,0
439302,ENSP00000267101,0
5149021,ENSP00000338018,0
4428,ENSP00000285900,0
446156,ENSP00000350928,0
115146,ENSP00000221466,0
5284596,ENSP00000012443,0
5485199,ENSP00000225430,0
1117,ENSP00000420168,1
5310960,ENSP00000272928,0
3827,ENSP00000295101,0
3017,ENSP00000335261,0
5983,ENSP00000356070,0
5515,ENSP00000321988,0
4425,ENSP00000270139,0
158,ENSP00000255008,1
9824,ENSP00000321999,0
6834,ENSP00000357204,0
151069,ENSP00000266970,0
2763,ENSP00000289575,0
5771,ENSP00000324270,1
501390,ENSP00000289957,0
4635,ENSP00000267814,0
441300,ENSP00000325548,0
1117,ENSP00000322788,1
5743,ENSP00000308938,0
785,ENSP00000350256,0
123015,ENSP00000286301,1
216239,ENSP00000264382,0
68844,ENSP00000219313,0
951,ENSP00000358511,1
16133798,ENSP00000321999,0
114892,ENSP00000419692,0
6037,ENSP00000325425,0
160355,ENSP00000257904,1
4585,ENSP00000289753,1
36314,ENSP00000339001,1
6675,ENSP00000266517,0
5284570,ENSP00000263025,0
54687,ENSP00000328708,0
3310,ENSP00000365926,0
2687,ENSP00000358301,1
1983,ENSP00000303147,0
5983,ENSP00000292513,0
3964,ENSP00000306490,1
4946,ENSP00000360372,1
68844,ENSP00000292823,0
2995,ENSP00000290866,0
4036,ENSP00000258400,0
999,ENSP00000354687,0
4889,ENSP00000287936,1
3155,ENSP00000359693,0
1798,ENSP00000315013,0
281,ENSP00000379680,0
4911,ENSP00000301891,1
119058,ENSP00000356953,1
5959,ENSP00000380247,0
3404,ENSP00000260682,1
1117,ENSP00000341390,1
28417,ENSP00000370213,0
6040,ENSP00000254663,0
4624,ENSP00000255030,0
60490,ENSP00000342070,0
5508,ENSP00000383840,0
838,ENSP00000358511,1
55283,ENSP00000332973,0
4688,ENSP00000341189,0
158,ENSP00000328708,1
11804285,ENSP00000262554,0
151069,ENSP00000384273,0
5311067,ENSP00000302150,0
216235,ENSP00000301071,0
2662,ENSP00000181383,0
6040,ENSP00000410732,0
23925,ENSP00000231751,1
448537,ENSP00000263368,0
1117,ENSP00000295897,1
6675,ENSP00000245312,1
450,ENSP00000336528,1
57379345,ENSP00000362273,0
4542,ENSP00000321845,0
5362436,ENSP00000254488,0
134780,ENSP00000324856,0
5514,ENSP00000380514,0
5870,ENSP00000361141,0
5203,ENSP00000270349,1
72172,ENSP00000311032,0
3517,ENSP00000355330,0
2160,ENSP00000265572,1
23930,ENSP00000327255,1
1775,ENSP00000318912,0
5487,ENSP00000261835,0
1089,ENSP00000260447,0
107778,ENSP00000262554,0
15602694,ENSP00000350785,0
312,ENSP00000381717,1
439260,ENSP00000217270,1
34231,ENSP00000403852,0
3198,ENSP00000299766,0
45272686,ENSP00000251535,0
444,ENSP00000216911,0
91736,ENSP00000351957,0
4788,ENSP00000335544,0
1979,ENSP00000266682,0
446155,ENSP00000267814,0
5983,ENSP00000296046,0
123015,ENSP00000263923,1
187,ENSP00000296412,0
393599,ENSP00000332369,0
679,ENSP00000337915,1
5508,ENSP00000249016,0
3446,ENSP00000372654,0
19,ENSP00000222382,0
1117,ENSP00000338018,1
2239,ENSP00000346805,0
3430,ENSP00000371929,0
3603,ENSP00000292823,0
4112,ENSP00000315644,1
2332,ENSP00000318351,1
16132139,ENSP00000252519,0
5480230,ENSP00000383840,0
108156,ENSP00000264668,0
1117,ENSP00000370526,1
4108,ENSP00000362401,0
3337,ENSP00000345774,0
5202,ENSP00000258042,1
71246,ENSP00000356438,1
39042,ENSP00000354532,0
191,ENSP00000349320,0
5454,ENSP00000289753,1
1117,ENSP00000356425,1
2156,ENSP00000276373,0
2249,ENSP00000358301,1
9642,ENSP00000205402,0
208908,ENSP00000264668,0
4946,ENSP00000222982,1
9400,ENSP00000301729,0
5593,ENSP00000367959,0
4098,ENSP00000288022,0
2735,ENSP00000334592,1
5311,ENSP00000318912,0
71739,ENSP00000356037,0
60472,ENSP00000290866,1
100788,ENSP00000360576,0
1117,ENSP00000061240,1
9832383,ENSP00000217901,0
2153,ENSP00000389414,0
10267,ENSP00000320171,1
4946,ENSP00000342087,0
5405,ENSP00000409378,1
2200,ENSP00000380247,1
3086685,ENSP00000261799,1
65243,ENSP00000301974,1
60961,ENSP00000308549,1
5282280,ENSP00000363596,1
72968,ENSP00000448165,0
2160,ENSP00000262848,0
3108,ENSP00000264657,0
11243969,ENSP00000373700,0
158795,ENSP00000357066,0
4296,ENSP00000368066,0
424,ENSP00000308176,0
11626560,ENSP00000288135,1
5202,ENSP00000354859,1
5090,ENSP00000368572,0
6013,ENSP00000285979,1
5012,ENSP00000278412,0
4782,ENSP00000320043,0
5203,ENSP00000337915,1
6089,ENSP00000356410,0
5677,ENSP00000366525,0
698,ENSP00000206249,1
5757,ENSP00000369816,1
5452,ENSP00000306662,1
5035,ENSP00000254227,1
2131,ENSP00000332816,0
5329098,ENSP00000251588,0
4932,ENSP00000364361,0
9578572,ENSP00000345873,0
3585,ENSP00000333685,0
5361092,ENSP00000396308,0
100516,ENSP00000234961,0
54369,ENSP00000265512,0
23994,ENSP00000417980,1
5284569,ENSP00000394624,1
5486827,ENSP00000342385,0
5149021,ENSP00000234961,1
5281969,ENSP00000317159,0
3392,ENSP00000369050,0
2564,ENSP00000362401,0
6623,ENSP00000302232,0
3295,ENSP00000285379,1
5358,ENSP00000327801,0
951,ENSP00000343782,1
5593,ENSP00000275216,0
446155,ENSP00000318351,0
1541,ENSP00000358511,1
2818,ENSP00000306490,1
4919,ENSP00000181383,0
1614,ENSP00000362361,0
60961,ENSP00000291294,1
750,ENSP00000346827,1
68760,ENSP00000340278,0
3391,ENSP00000288022,0
4528,ENSP00000249396,0
1349907,ENSP00000304915,0
3547,ENSP00000325425,0
54369,ENSP00000348461,0
4168,ENSP00000274547,0
1935,ENSP00000249041,0
19861,ENSP00000360372,0
1229,ENSP00000430269,0
51577,ENSP00000385834,0
3158,ENSP00000316244,1
2756,ENSP00000245312,0
2160,ENSP00000270776,0
5361092,ENSP00000352222,0
114854,ENSP00000304501,1
222528,ENSP00000263341,0
312,ENSP00000314508,1
718,ENSP00000320709,0
47811,ENSP00000316244,1
4883,ENSP00000306490,0
3869,ENSP00000264690,0
72271,ENSP00000360576,0
16960,ENSP00000354859,0
5587,ENSP00000265572,0
100516,ENSP00000360154,0
5702160,ENSP00000275300,1
3918,ENSP00000261799,0
1349907,ENSP00000346901,1
312,ENSP00000347495,1
5487,ENSP00000325425,0
1117,ENSP00000325120,1
6437849,ENSP00000347717,1
445420,ENSP00000317159,0
1117,ENSP00000369530,1
3603,ENSP00000291294,0
23930,ENSP00000349078,1
6918537,ENSP00000309477,0
2761,ENSP00000308024,0
1117,ENSP00000336868,1
702,ENSP00000318912,0
4044,ENSP00000323549,0
564,ENSP00000354280,0
71739,ENSP00000234961,0
3446,ENSP00000255380,0
10100,ENSP00000339503,0
312,ENSP00000308541,1
3957,ENSP00000380247,1
1541,ENSP00000256906,1
3016,ENSP00000348897,1
77992,ENSP00000311032,0
5526,ENSP00000373884,0
3433,ENSP00000306606,0
5287844,ENSP00000324806,1
4078,ENSP00000248041,0
1132,ENSP00000307241,1
9904,ENSP00000363021,0
774,ENSP00000393333,1
130731,ENSP00000316339,0
60809,ENSP00000251810,0
1117,ENSP00000284562,1
6040,ENSP00000292614,0
424,ENSP00000361125,1
3918,ENSP00000386171,0
5329102,ENSP00000289753,0
72430,ENSP00000325425,0
2215,ENSP00000354859,1
2812,ENSP00000342385,0
5280723,ENSP00000292513,1
5743,ENSP00000299855,0
5381,ENSP00000320147,0
1935,ENSP00000299855,0
4585,ENSP00000347754,1
60719,ENSP00000256078,0
305,ENSP00000265689,1
3762,ENSP00000380514,0
3310,ENSP00000311032,1
1440,ENSP00000258400,0
439260,ENSP00000275216,1
5282280,ENSP00000293897,1
1117,ENSP00000225275,1
54746,ENSP00000386069,1
5726,ENSP00000262948,0
51634,ENSP00000402084,0
3762,ENSP00000309504,0
54562,ENSP00000258400,1
55245,ENSP00000205402,0
19861,ENSP00000348897,0
312,ENSP00000346577,1
2119,ENSP00000308938,0
3857,ENSP00000275605,1
4114,ENSP00000369100,0
170361,ENSP00000261835,0
1798,ENSP00000353791,0
4771,ENSP00000267568,0
4106,ENSP00000258400,1
5526,ENSP00000299529,0
28417,ENSP00000273550,0
23994,ENSP00000431418,1
2995,ENSP00000358301,1
3603,ENSP00000369456,0
1775,ENSP00000367615,0
450,ENSP00000376176,0
311,ENSP00000363832,0
9849616,ENSP00000337332,0
312,ENSP00000332771,1
16133831,ENSP00000358730,0
311,ENSP00000247970,1
191,ENSP00000255008,1
446220,ENSP00000371138,0
126941,ENSP00000408526,0
23994,ENSP00000311469,1
4920,ENSP00000355930,1
4428,ENSP00000362481,0
5282381,ENSP00000384408,0
114866,ENSP00000285930,1
71120,ENSP00000349576,0
5287620,ENSP00000302967,0
5757,ENSP00000336528,1
5497186,ENSP00000329093,0
4004,ENSP00000302846,0
774,ENSP00000359532,1
1809,ENSP00000307766,1
71246,ENSP00000248437,0
3682,ENSP00000322991,0
564,ENSP00000319730,0
3007,ENSP00000280155,1
107778,ENSP00000358511,1
10182969,ENSP00000441600,0
3086686,ENSP00000339740,1
37464,ENSP00000352584,0
3883,ENSP00000337332,0
1253,ENSP00000264381,1
312,ENSP00000380514,1
3918,ENSP00000394624,1
5097,ENSP00000307900,0
115146,ENSP00000280154,0
1065,ENSP00000337450,1
23930,ENSP00000335084,1
3033538,ENSP00000386069,1
5282280,ENSP00000353452,0
593,ENSP00000292823,1
10607,ENSP00000248437,1
1440,ENSP00000235835,0
4066,ENSP00000417980,0
23977,ENSP00000250378,1
446220,ENSP00000362481,0
3915,ENSP00000297785,0
892,ENSP00000251810,0
2550,ENSP00000261349,0
5526,ENSP00000378295,0
3648,ENSP00000371236,0
54671203,ENSP00000366156,0
43815,ENSP00000345023,0
16132139,ENSP00000322421,0
94701,ENSP00000370129,0
9832383,ENSP00000296046,0
5310985,ENSP00000305974,0
5454,ENSP00000280155,1
3779,ENSP00000326031,0
4688,ENSP00000367309,1
2477,ENSP00000347689,0
55482,ENSP00000349078,0
1219,ENSP00000306512,0
892,ENSP00000377947,0
119058,ENSP00000317159,1
122316,ENSP00000296122,0
1405,ENSP00000264382,0
71246,ENSP00000319730,0
311,ENSP00000348234,0
170361,ENSP00000299847,1
9832383,ENSP00000351706,0
5870,ENSP00000265016,0
3405,ENSP00000218721,0
3340,ENSP00000309649,0
89594,ENSP00000324804,0
60919,ENSP00000323036,0
1798,ENSP00000003100,0
3158,ENSP00000306490,1
1117,ENSP00000300738,1
3998,ENSP00000357835,0
892,ENSP00000292427,0
3177,ENSP00000237858,0
2512,ENSP00000367959,1
4422,ENSP00000234961,1
3937,ENSP00000331897,0
54693559,ENSP00000354677,0
951,ENSP00000326031,0
312,ENSP00000314151,1
168572,ENSP00000308938,0
168572,ENSP00000378394,0
5203,ENSP00000287907,0
5610,ENSP00000270349,1
6422124,ENSP00000386456,0
2583,ENSP00000292147,0
5310985,ENSP00000430269,0
4595,ENSP00000345873,0
2094,ENSP00000359685,0
643976,ENSP00000256594,0
4534,ENSP00000363512,1
402,ENSP00000245312,0
593,ENSP00000269571,0
54693559,ENSP00000306490,0
4865,ENSP00000363988,0
312,ENSP00000206249,1
1688,ENSP00000225740,0
114903,ENSP00000280155,0
158,ENSP00000358730,1
5090,ENSP00000354612,1
3657,ENSP00000416293,0
5894,ENSP00000266970,1
14985,ENSP00000313681,0
5401,ENSP00000306662,1
4078,ENSP00000217961,0
4883,ENSP00000275525,0
9824,ENSP00000362353,0
5761,ENSP00000287907,1
5452,ENSP00000354859,1
3086686,ENSP00000324856,1
6834,ENSP00000410732,0
9799888,ENSP00000322450,0
129806,ENSP00000264657,0
1117,ENSP00000307786,1
1614,ENSP00000260324,0
440120,ENSP00000345502,0
60961,ENSP00000343782,1
59768,ENSP00000318077,0
4636,ENSP00000230671,0
5329102,ENSP00000339740,1
5771,ENSP00000328777,0
1546,ENSP00000254976,0
643976,ENSP00000264668,1
5691,ENSP00000361275,1
8646,ENSP00000243911,0
4976,ENSP00000408695,0
1615,ENSP00000220584,0
667467,ENSP00000389103,0
3086685,ENSP00000278412,0
1688,ENSP00000362481,0
4100,ENSP00000285379,1
7019,ENSP00000389414,0
5329099,ENSP00000356671,0
1089,ENSP00000341189,0
55283,ENSP00000290597,0
151165,ENSP00000377948,0
448537,ENSP00000255008,0
4993,ENSP00000354813,0
5374,ENSP00000306490,0
312,ENSP00000359991,1
4639,ENSP00000389103,0
2160,ENSP00000367959,1
448537,ENSP00000206249,1
838,ENSP00000362810,1
3957,ENSP00000360372,1
3827,ENSP00000322898,0
3155,ENSP00000306390,0
5894,ENSP00000306662,0
4428,ENSP00000315644,0
170361,ENSP00000315602,1
774,ENSP00000217270,1
5139,ENSP00000346901,0
5139,ENSP00000264318,0
3446,ENSP00000371236,0
55283,ENSP00000261733,0
3001028,ENSP00000371535,0
5203,ENSP00000319814,0
3154,ENSP00000263182,0
1148,ENSP00000307766,0
10836,ENSP00000408526,0
129806,ENSP00000287936,1
121850,ENSP00000332973,0
23925,ENSP00000251810,1
23930,ENSP00000248114,0
23994,ENSP00000357835,0
60648,ENSP00000379140,0
24267,ENSP00000375892,0
3081361,ENSP00000320043,0
55482,ENSP00000258400,0
3449,ENSP00000341551,0
216326,ENSP00000275605,0
5401,ENSP00000366416,1
5486684,ENSP00000331736,0
5005,ENSP00000354280,0
9576912,ENSP00000262320,0
4296,ENSP00000271450,0
5472,ENSP00000360372,1
1935,ENSP00000264381,1
5401,ENSP00000331912,0
5029,ENSP00000280551,0
9642,ENSP00000447378,0
5408,ENSP00000206249,1
774,ENSP00000368552,0
77918,ENSP00000330237,0
2561,ENSP00000316786,1
158795,ENSP00000342070,0
2854,ENSP00000305480,0
387316,ENSP00000431418,0
71301,ENSP00000386456,0
2419,ENSP00000369960,1
4666,ENSP00000370223,0
5472,ENSP00000357066,0
122296,ENSP00000333534,0
2332,ENSP00000376177,0
838,ENSP00000221466,0
1132,ENSP00000323811,1
4926,ENSP00000367959,1
3998,ENSP00000301071,0
5029,ENSP00000389103,0
10280735,ENSP00000255380,0
2156,ENSP00000360317,1
24466,ENSP00000301071,0
3310,ENSP00000369134,0
10100,ENSP00000394624,1
5280961,ENSP00000303424,0
5593,ENSP00000356070,0
596,ENSP00000259271,0
5470,ENSP00000302846,0
3869,ENSP00000229447,0
1117,ENSP00000216465,1
9832383,ENSP00000303522,1
951,ENSP00000176183,1
439260,ENSP00000303424,1
3937,ENSP00000234111,0
2551,ENSP00000275525,0
134780,ENSP00000296046,0
4184,ENSP00000354859,1
2239,ENSP00000343782,1
60842,ENSP00000358596,0
7019,ENSP00000256443,0
3954,ENSP00000318912,0
3285,ENSP00000353915,0
3343,ENSP00000377954,0
6279,ENSP00000308720,0
1546,ENSP00000262584,0
16960,ENSP00000380247,1
5195,ENSP00000292823,0
122335,ENSP00000256958,0
5352624,ENSP00000258145,0
3519,ENSP00000330237,0
2094,ENSP00000358327,0
11301,ENSP00000343925,1
2083,ENSP00000319984,0
5074,ENSP00000258400,1
5281888,ENSP00000256958,1
4100,ENSP00000236826,0
60809,ENSP00000234111,0
3009,ENSP00000396452,0
6013,ENSP00000369050,1
784,ENSP00000354193,1
2564,ENSP00000360645,0
3547,ENSP00000241337,0
16132139,ENSP00000386284,0
5288826,ENSP00000256958,0
4184,ENSP00000270349,1
65889,ENSP00000356591,0
784,ENSP00000352835,1
2462,ENSP00000386069,0
5329102,ENSP00000353904,1
3559,ENSP00000323811,0
3964,ENSP00000307766,1
68848,ENSP00000357981,0
4984,ENSP00000346001,1
57242,ENSP00000377914,0
54671203,ENSP00000219070,1
5472495,ENSP00000168216,0
68848,ENSP00000265986,0
26721,ENSP00000333534,0
2116,ENSP00000348461,0
60719,ENSP00000364475,0
125017,ENSP00000442050,0
36920,ENSP00000305372,1
1355,ENSP00000303423,0
311,ENSP00000295897,1
6918837,ENSP00000319730,0
2763,ENSP00000292596,0
643976,ENSP00000233627,1
123679,ENSP00000380157,0
25197,ENSP00000226730,0
5195,ENSP00000317842,0
4666,ENSP00000339001,1
18830,ENSP00000381412,0
50599,ENSP00000354876,0
2375,ENSP00000376611,0
3385,ENSP00000333821,0
5029,ENSP00000340466,0
596,ENSP00000263800,0
55482,ENSP00000389414,0
54562,ENSP00000309565,0
311,ENSP00000318912,1
2564,ENSP00000275216,0
191,ENSP00000272928,1
942,ENSP00000299565,1
3033538,ENSP00000346827,0
3739,ENSP00000370254,0
4428,ENSP00000394624,1
34521,ENSP00000274547,0
2725,ENSP00000369960,0
1983,ENSP00000363115,0
311,ENSP00000236826,0
3962,ENSP00000363621,0
23994,ENSP00000263464,1
1117,ENSP00000328777,1
322,ENSP00000270139,0
47811,ENSP00000367959,1
4011,ENSP00000254976,0
3086671,ENSP00000219054,0
3547,ENSP00000263923,0
60785,ENSP00000274545,0
6000,ENSP00000319984,1
54746,ENSP00000357986,0
5472,ENSP00000296122,0
4631,ENSP00000342056,0
312,ENSP00000314407,1
5593,ENSP00000341390,0
2803,ENSP00000260356,0
35370,ENSP00000225740,0
4528,ENSP00000360290,0
1546,ENSP00000303830,0
1541,ENSP00000354859,1
1117,ENSP00000303575,1
951,ENSP00000273430,1
4528,ENSP00000375881,0
3857,ENSP00000295055,0
23930,ENSP00000339435,1
4196,ENSP00000221742,0
5284570,ENSP00000334145,0
4179,ENSP00000326031,0
5282280,ENSP00000249016,1
312,ENSP00000353904,1
4782,ENSP00000220584,0
4428,ENSP00000265572,1
23994,ENSP00000362463,1
951,ENSP00000451605,1
5408,ENSP00000301146,1
446155,ENSP00000362773,0
1979,ENSP00000260447,0
9917021,ENSP00000289575,0
5487,ENSP00000280155,1
4189,ENSP00000260447,0
5078,ENSP00000335084,0
34521,ENSP00000245457,0
1593,ENSP00000309259,0
745,ENSP00000290765,1
2230,ENSP00000285381,0
439260,ENSP00000343204,0
4631609,ENSP00000219240,0
191,ENSP00000339933,1
54459,ENSP00000386069,1
1117,ENSP00000448059,1
4495,ENSP00000356438,1
23994,ENSP00000318912,1
9799453,ENSP00000217244,0
4629,ENSP00000366244,0
4865,ENSP00000265715,0
3463,ENSP00000293761,0
1615,ENSP00000353904,0
5329098,ENSP00000298910,1
151069,ENSP00000360154,0
71120,ENSP00000339960,0
5281888,ENSP00000354859,0
1117,ENSP00000219240,1
3517,ENSP00000264690,0
1609,ENSP00000357204,0
9578572,ENSP00000308541,1
31703,ENSP00000369050,0
6834,ENSP00000344193,0
5284627,ENSP00000345659,1
3450,ENSP00000238379,0
2564,ENSP00000219070,0
312,ENSP00000220809,1
3675,ENSP00000319343,0
702,ENSP00000261733,1
5578,ENSP00000385834,0
936,ENSP00000337332,1
104741,ENSP00000260227,0
158,ENSP00000319343,0
2730,ENSP00000264381,1
5287844,ENSP00000264818,1
11597571,ENSP00000339503,1
68760,ENSP00000302478,0
45272686,ENSP00000366506,0
5202,ENSP00000241256,1
1050,ENSP00000401508,0
4894,ENSP00000231509,1
2735,ENSP00000314606,0
3981,ENSP00000289753,1
10836,ENSP00000289753,1
2118,ENSP00000354347,0
31307,ENSP00000164139,0
3715,ENSP00000350425,0
718,ENSP00000351755,0
216235,ENSP00000366416,1
4885,ENSP00000290349,0
3043,ENSP00000418001,0
5078,ENSP00000288022,0
23994,ENSP00000297792,1
2083,ENSP00000343190,0
774,ENSP00000267549,1
457954,ENSP00000229277,0
18830,ENSP00000299565,0
593,ENSP00000302478,1
5281708,ENSP00000206249,1
5078,ENSP00000448165,0
4100,ENSP00000178638,1
5731,ENSP00000219054,0
28417,ENSP00000260682,1
23994,ENSP00000334145,1
951,ENSP00000394624,1
702,ENSP00000340684,0
5149021,ENSP00000295640,0
216239,ENSP00000282397,1
253,ENSP00000317842,0
3857,ENSP00000395574,0
2802,ENSP00000264613,0
4850,ENSP00000205402,0
5757,ENSP00000254066,1
179837,ENSP00000417214,0
104741,ENSP00000269466,0
119607,ENSP00000356853,0
77918,ENSP00000261465,0
7019,ENSP00000265294,0
5645,ENSP00000370129,1
2818,ENSP00000380247,1
57379345,ENSP00000299565,0
1117,ENSP00000265729,1
4829,ENSP00000280700,0
5310985,ENSP00000266971,0
155346,ENSP00000305372,1
9799453,ENSP00000386171,0
4889,ENSP00000323511,0
170361,ENSP00000288602,0
214,ENSP00000348234,0
4920,ENSP00000375892,0
129211,ENSP00000384296,0
3410,ENSP00000343782,1
13342,ENSP00000354554,0
312,ENSP00000254301,1
2802,ENSP00000392859,0
2405,ENSP00000351035,0
107971,ENSP00000413074,0
34521,ENSP00000299847,0
298,ENSP00000254976,0
5202,ENSP00000258400,1
5645,ENSP00000241337,0
4369359,ENSP00000168216,0
5454,ENSP00000306662,1
23930,ENSP00000216714,1
158,ENSP00000345023,0
6215,ENSP00000322991,0
3086685,ENSP00000313420,0
1117,ENSP00000000233,1
281,ENSP00000359793,0
1893,ENSP00000297494,1
3343,ENSP00000264047,1
644077,ENSP00000324270,1
4850,ENSP00000302811,0
71616,ENSP00000261835,1
5251896,ENSP00000293761,0
2099,ENSP00000203407,0
439260,ENSP00000249016,1
5284570,ENSP00000318585,0
3494,ENSP00000319984,1
9832383,ENSP00000383840,0
107971,ENSP00000296411,0
54454,ENSP00000216951,0
187,ENSP00000232219,0
444020,ENSP00000354876,0
3081361,ENSP00000363115,1
158,ENSP00000234371,1
501390,ENSP00000381607,0
2088,ENSP00000375892,0
168572,ENSP00000404029,0
11626560,ENSP00000353452,0
4248,ENSP00000295087,0
5350,ENSP00000277120,0
667467,ENSP00000297494,0
4830,ENSP00000367959,1
5408,ENSP00000263774,0
158,ENSP00000287907,1
134780,ENSP00000366156,0
4419,ENSP00000394624,1
77918,ENSP00000274192,0
6918837,ENSP00000342056,0
5282280,ENSP00000358783,1
643976,ENSP00000292180,1
5281708,ENSP00000343925,1
191,ENSP00000394624,1
5311023,ENSP00000362576,0
2487,ENSP00000362773,0
3337,ENSP00000315011,0
5959,ENSP00000249041,1
3001028,ENSP00000217961,1
60961,ENSP00000338072,1
9578572,ENSP00000369050,0
5281037,ENSP00000377083,0
3657,ENSP00000354347,0
3086686,ENSP00000292427,0
4900,ENSP00000231509,1
4078,ENSP00000403852,0
2803,ENSP00000368572,0
60719,ENSP00000322924,0
3382,ENSP00000332771,0
5486684,ENSP00000444788,0
5526,ENSP00000420168,0
3158,ENSP00000354859,1
2405,ENSP00000358301,1
5581,ENSP00000375893,0
5731,ENSP00000270776,0
23925,ENSP00000337949,0
23994,ENSP00000254719,1
1546,ENSP00000358301,0
1971,ENSP00000376611,0
4927,ENSP00000242375,0
445354,ENSP00000297991,0
2249,ENSP00000348459,0
440120,ENSP00000225577,0
4034,ENSP00000297373,0
10267,ENSP00000408860,0
643976,ENSP00000260447,0
104787,ENSP00000339503,0
2435,ENSP00000250699,0
439302,ENSP00000364721,0
4713,ENSP00000286479,0
4428,ENSP00000367959,1
2914,ENSP00000385834,0
4253,ENSP00000363512,0
2756,ENSP00000366506,1
4380,ENSP00000418001,0
4383,ENSP00000356438,0
3387,ENSP00000361141,0
4946,ENSP00000341551,0
107772,ENSP00000350928,0
134018,ENSP00000407546,0
3198,ENSP00000360576,0
5405,ENSP00000306490,1
23994,ENSP00000299855,1
387316,ENSP00000245312,1
838,ENSP00000356438,0
4828,ENSP00000305372,1
24466,ENSP00000199280,0
158,ENSP00000369960,1
312,ENSP00000396308,1
5203,ENSP00000367959,1
5677,ENSP00000252029,0
42955,ENSP00000252519,0
3891,ENSP00000395473,0
3340,ENSP00000254301,0
5524,ENSP00000448059,0
5311,ENSP00000314649,0
2801,ENSP00000280155,1
68740,ENSP00000366482,0
107688,ENSP00000360687,0
5584,ENSP00000380247,1
3463,ENSP00000368645,0
4428,ENSP00000265986,0
10100,ENSP00000356694,0
134018,ENSP00000261890,0
2435,ENSP00000353904,0
4830,ENSP00000386069,1
10140,ENSP00000351755,0
5361092,ENSP00000269033,0
4011,ENSP00000337949,1
23925,ENSP00000226413,0
107985,ENSP00000265294,0
4595,ENSP00000252029,0
9933475,ENSP00000352584,0
2239,ENSP00000320247,0
216239,ENSP00000366244,1
1355,ENSP00000380157,0
312,ENSP00000372088,1
5959,ENSP00000333685,0
440120,ENSP00000326227,0
6726,ENSP00000255380,1
2477,ENSP00000370571,0
5329098,ENSP00000348897,0
5530,ENSP00000308720,1
3937,ENSP00000361275,0
2564,ENSP00000337949,0
3391,ENSP00000332816,0
149,ENSP00000299847,0
6918537,ENSP00000297988,0
3585,ENSP00000299766,0
718,ENSP00000332816,0
4042,ENSP00000370938,0
892,ENSP00000360576,0
5284569,ENSP00000385746,0
5530,ENSP00000367309,1
107994,ENSP00000265724,0
3405,ENSP00000257904,0
187,ENSP00000222982,0
2162,ENSP00000360406,1
961,ENSP00000264690,0
60769,ENSP00000345771,0
54369,ENSP00000327268,0
5202,ENSP00000304501,1
5029,ENSP00000359539,0
667467,ENSP00000367959,1
3337,ENSP00000322991,0
1983,ENSP00000404029,0
39042,ENSP00000358107,0
4533,ENSP00000295055,0
6000,ENSP00000365926,0
5287844,ENSP00000324740,1
3177,ENSP00000339435,0
1051,ENSP00000310978,1
6037,ENSP00000315644,1
750,ENSP00000373918,1
838,ENSP00000275216,1
312,ENSP00000275493,1
2551,ENSP00000224356,0
3826,ENSP00000354612,1
5677,ENSP00000447378,1
5284627,ENSP00000322617,0
4095,ENSP00000280154,0
5466,ENSP00000360645,0
2156,ENSP00000311291,0
60852,ENSP00000360372,0
596,ENSP00000360372,0
3016,ENSP00000410732,1
2325,ENSP00000364597,0
1117,ENSP00000256594,1
2761,ENSP00000343190,0
4456,ENSP00000229135,0
5381226,ENSP00000368439,0
448537,ENSP00000302232,0
1051,ENSP00000234111,1
119058,ENSP00000351273,0
3285,ENSP00000343925,1
5210,ENSP00000428982,0
4992,ENSP00000361021,0
4429,ENSP00000234961,1
774,ENSP00000369960,1
107772,ENSP00000348918,0
9933475,ENSP00000302486,0
2333,ENSP00000322898,0
3285,ENSP00000206249,1
5281037,ENSP00000269980,0
657378,ENSP00000336868,0
838,ENSP00000258042,1
5362436,ENSP00000255380,0
836,ENSP00000061240,0
441314,ENSP00000326227,1
4811,ENSP00000259271,0
149,ENSP00000340278,0
1117,ENSP00000360317,1
15602694,ENSP00000273588,0
2995,ENSP00000446743,0
5360515,ENSP00000394624,1
4631609,ENSP00000263182,0
838,ENSP00000361141,1
5329102,ENSP00000262948,1
74989,ENSP00000319730,0
26644,ENSP00000280551,0
1986,ENSP00000335304,0
5022,ENSP00000362401,0
2051,ENSP00000275493,1
4830,ENSP00000316244,1
4536,ENSP00000360247,0
5462501,ENSP00000248437,0
1117,ENSP00000357204,1
723,ENSP00000364649,1
5163,ENSP00000409007,0
5472,ENSP00000254301,0
10267,ENSP00000360372,0
51634,ENSP00000343190,0
54586,ENSP00000296511,0
4993,ENSP00000273430,0
4946,ENSP00000343782,1
3981,ENSP00000344460,0
4946,ENSP00000260447,0
2725,ENSP00000265572,0
4635,ENSP00000394624,1
702,ENSP00000256078,1
68570,ENSP00000432481,0
2909,ENSP00000367615,0
5462501,ENSP00000360608,0
40841,ENSP00000333821,0
5527,ENSP00000288022,0
2088,ENSP00000349078,1
4383,ENSP00000367545,0
4688,ENSP00000340684,1
9801640,ENSP00000319343,0
5329102,ENSP00000225577,1
2807,ENSP00000359793,1
593,ENSP00000226413,0
679,ENSP00000357981,1
60852,ENSP00000364486,0
2169,ENSP00000255380,0
4261,ENSP00000309591,0
72968,ENSP00000362353,0
3238,ENSP00000350265,0
1809,ENSP00000367959,1
53232,ENSP00000265724,1
3559,ENSP00000306662,1
16156130,ENSP00000268097,0
5311037,ENSP00000205402,0
1117,ENSP00000264690,1
951,ENSP00000370526,0
4078,ENSP00000305714,0
444,ENSP00000373700,0
5163,ENSP00000222982,0
3603,ENSP00000352900,0
291,ENSP00000366124,0
15,ENSP00000206249,1
1548886,ENSP00000441600,0
3238,ENSP00000260682,0
1548992,ENSP00000256958,0
2333,ENSP00000292427,0
6741,ENSP00000343690,0
4011,ENSP00000428982,0
774,ENSP00000226413,1
3615,ENSP00000353679,0
54454,ENSP00000307766,0
890,ENSP00000339960,0
643976,ENSP00000332887,1
26757,ENSP00000261208,0
5040,ENSP00000216330,1
5314,ENSP00000372654,0
2583,ENSP00000282397,0
322,ENSP00000221466,0
191,ENSP00000234961,1
6291,ENSP00000206249,1
57379345,ENSP00000269571,0
4159,ENSP00000231509,1
745,ENSP00000346805,0
5311080,ENSP00000269385,0
5464105,ENSP00000218516,0
1546,ENSP00000252945,0
3035905,ENSP00000386069,1
5283731,ENSP00000263035,0
1148,ENSP00000431418,0
104741,ENSP00000325120,1
178103,ENSP00000290349,0
2200,ENSP00000268251,0
3918,ENSP00000419851,0
23994,ENSP00000263621,0
1117,ENSP00000229794,1
838,ENSP00000255262,1
5314,ENSP00000306512,0
214,ENSP00000380247,0
5709,ENSP00000369960,1
3869,ENSP00000369141,0
168572,ENSP00000347979,0
838,ENSP00000272928,1
2561,ENSP00000354499,0
28517,ENSP00000280154,0
57242,ENSP00000405965,0
1541,ENSP00000272928,1
1548999,ENSP00000260447,0
131432,ENSP00000304501,1
5284603,ENSP00000357204,0
3304,ENSP00000365851,0
19910,ENSP00000362773,0
5408,ENSP00000261835,1
2244,ENSP00000356438,1
5310985,ENSP00000299847,1
16156130,ENSP00000219919,0
644073,ENSP00000350616,0
3981,ENSP00000258400,1
5726,ENSP00000360538,0
1148,ENSP00000347495,1
4919,ENSP00000319984,1
16132139,ENSP00000299518,0
1548886,ENSP00000298910,0
5587,ENSP00000380247,1
124087,ENSP00000299529,0
19,ENSP00000357461,0
68570,ENSP00000356694,0
71246,ENSP00000361021,0
951,ENSP00000336630,1
5691,ENSP00000296411,0
34359,ENSP00000350616,1
3007,ENSP00000306662,1
2726,ENSP00000272298,1
51577,ENSP00000447378,1
100788,ENSP00000225504,0
3198,ENSP00000256104,0
3823,ENSP00000302846,0
951,ENSP00000350198,1
298,ENSP00000293897,1
16132139,ENSP00000243911,1
158,ENSP00000267615,0
60648,ENSP00000266659,0
784,ENSP00000371535,0
951,ENSP00000258400,1
11626560,ENSP00000216484,0
2995,ENSP00000211122,0
55482,ENSP00000380247,1
2370,ENSP00000416293,0
4044,ENSP00000296861,0
439176,ENSP00000303424,0
23994,ENSP00000231948,1
644073,ENSP00000394624,1
3016,ENSP00000023897,1
750,ENSP00000331912,0
158,ENSP00000267377,1
312,ENSP00000323036,0
2756,ENSP00000275300,1
16132139,ENSP00000392709,0
3385,ENSP00000315644,1
1071,ENSP00000222553,0
3779,ENSP00000343690,0
3913,ENSP00000264382,0
5282381,ENSP00000351706,0
5566,ENSP00000367959,1
2719,ENSP00000413074,0
26644,ENSP00000362401,0
6918365,ENSP00000335084,0
42955,ENSP00000349003,1
951,ENSP00000332659,1
4236,ENSP00000380157,0
702,ENSP00000244051,0
951,ENSP00000347839,0
216239,ENSP00000229794,1
657378,ENSP00000356920,0
643976,ENSP00000355046,1
5330286,ENSP00000309591,0
2119,ENSP00000265016,0
23930,ENSP00000309591,1
298,ENSP00000176183,1
424,ENSP00000301776,1
4536,ENSP00000241261,0
643976,ENSP00000287022,1
4536,ENSP00000325120,1
3449,ENSP00000308024,0
3962,ENSP00000261007,0
198792,ENSP00000271450,0
191,ENSP00000256906,1
3585,ENSP00000353904,0
5281708,ENSP00000222482,0
130731,ENSP00000320709,0
2687,ENSP00000307766,0
60961,ENSP00000256906,1
3177,ENSP00000356438,1
5284603,ENSP00000297991,0
439260,ENSP00000336630,1
3387,ENSP00000287907,0
108094,ENSP00000386069,1
11597571,ENSP00000372023,0
444,ENSP00000262340,0
3433,ENSP00000313432,0
444732,ENSP00000309565,0
1117,ENSP00000376177,1
54459,ENSP00000320709,0
5363,ENSP00000289957,0
5709,ENSP00000399168,0
5936,ENSP00000262848,0
441314,ENSP00000444788,0
774,ENSP00000358301,1
2249,ENSP00000302811,0
5186,ENSP00000466799,0
5702160,ENSP00000349687,0
5512,ENSP00000358301,0
5462134,ENSP00000314407,0
5526,ENSP00000293897,0
104858,ENSP00000381607,1
1117,ENSP00000267615,1
6741,ENSP00000311876,0
23930,ENSP00000307241,1
2160,ENSP00000394624,1
54459,ENSP00000376176,0
961,ENSP00000309477,1
3007,ENSP00000367959,1
5281605,ENSP00000359285,0
4993,ENSP00000275216,0
4042,ENSP00000258385,0
3086685,ENSP00000331602,0
253,ENSP00000365160,0
312,ENSP00000231751,1
439260,ENSP00000257254,1
2662,ENSP00000244137,0
5470,ENSP00000261523,0
311,ENSP00000339933,1
26757,ENSP00000272102,0
6337614,ENSP00000296511,0
457954,ENSP00000354387,1
5538,ENSP00000360939,0
39042,ENSP00000304915,0
3954,ENSP00000260227,0
54459,ENSP00000323036,0
4196,ENSP00000337915,1
311,ENSP00000370129,1
6324663,ENSP00000398632,0
26879,ENSP00000319984,0
4585,ENSP00000353099,0
667490,ENSP00000314606,0
444795,ENSP00000232219,1
5790,ENSP00000266970,0
5588,ENSP00000380247,1
19143,ENSP00000290349,0
4456,ENSP00000345774,0
19910,ENSP00000227868,0
104858,ENSP00000258385,0
5329102,ENSP00000324856,1
4927,ENSP00000419692,0
122186,ENSP00000343782,1
91736,ENSP00000296511,0
4636,ENSP00000258400,1
312,ENSP00000287820,1
5149021,ENSP00000443194,0
6918365,ENSP00000324270,0
23994,ENSP00000384296,1
119607,ENSP00000356438,1
5284604,ENSP00000376611,0
5376,ENSP00000269571,1
4631,ENSP00000229239,0
5894,ENSP00000255380,0
15897,ENSP00000270570,0
9865515,ENSP00000364114,0
77992,ENSP00000265462,0
5526,ENSP00000373700,0
298,ENSP00000272928,1
104787,ENSP00000306606,0
5311037,ENSP00000227507,0
2583,ENSP00000304501,0
596,ENSP00000310721,0
4296,ENSP00000261326,0
4042,ENSP00000325120,1
5282280,ENSP00000342560,1
3916,ENSP00000357461,0
1117,ENSP00000316854,1
23994,ENSP00000264690,1
4584,ENSP00000418447,1
5280961,ENSP00000301729,0
60919,ENSP00000300738,0
3158,ENSP00000258400,1
6291,ENSP00000299518,0
191,ENSP00000176183,1
312,ENSP00000296511,1
4112,ENSP00000255008,0
23994,ENSP00000212015,1
6037,ENSP00000258042,0
25201794,ENSP00000303775,0
1130,ENSP00000316786,0
74989,ENSP00000227378,0
158,ENSP00000369643,1
961,ENSP00000296046,1
5281888,ENSP00000364289,0
5163,ENSP00000238379,0
2563,ENSP00000265462,0
19861,ENSP00000332369,0
1117,ENSP00000361405,1
5512,ENSP00000306490,1
47811,ENSP00000355645,0
1117,ENSP00000361423,1
5523,ENSP00000366124,0
9576912,ENSP00000336630,1
3449,ENSP00000220584,0
10280735,ENSP00000354238,0
5376,ENSP00000222673,0
3154,ENSP00000332591,0
4296,ENSP00000322924,1
1117,ENSP00000341551,1
2120,ENSP00000263025,0
3954,ENSP00000268251,0
6505803,ENSP00000269571,1
5512,ENSP00000409378,1
4160,ENSP00000362924,0
2160,ENSP00000234961,1
1541,ENSP00000370526,0
6426631,ENSP00000276651,0
5282279,ENSP00000347689,0
3715,ENSP00000291294,1
5281707,ENSP00000262306,0
68848,ENSP00000358730,1
774,ENSP00000377948,1
4991,ENSP00000384490,0
60719,ENSP00000292427,0
129211,ENSP00000371236,0
444732,ENSP00000430432,1
3749,ENSP00000369816,0
5282280,ENSP00000354859,1
5593,ENSP00000322924,0
35370,ENSP00000371067,0
5210,ENSP00000325120,0
60961,ENSP00000351755,1
439176,ENSP00000385746,1
198792,ENSP00000371067,0
10100,ENSP00000265572,1
2968,ENSP00000319984,1
4865,ENSP00000232217,0
2987,ENSP00000441600,0
941651,ENSP00000241256,0
23925,ENSP00000251588,1
942,ENSP00000347754,1
158795,ENSP00000340684,0
15602694,ENSP00000250559,0
4992,ENSP00000306866,0
1117,ENSP00000260227,1
941361,ENSP00000353904,0
2120,ENSP00000262033,0
5466,ENSP00000379133,0
72172,ENSP00000321999,0
71739,ENSP00000265572,0
1117,ENSP00000230882,1
4768,ENSP00000355930,1
9824,ENSP00000302478,0
444008,ENSP00000339503,0
4534,ENSP00000316244,0
8646,ENSP00000354532,1
298,ENSP00000350256,1
5267,ENSP00000325120,1
5186,ENSP00000302967,1
177236,ENSP00000363092,0
951,ENSP00000441600,1
3559,ENSP00000273064,0
5203,ENSP00000287820,0
5282280,ENSP00000332591,1
838,ENSP00000441600,1
14985,ENSP00000342056,0
216235,ENSP00000255380,0
3386,ENSP00000325548,0
6054,ENSP00000245960,0
6726,ENSP00000343027,0
2162,ENSP00000368572,0
2519,ENSP00000356410,0
1071,ENSP00000366244,0
593,ENSP00000305974,0
5486827,ENSP00000345771,0
1134,ENSP00000311469,0
5202,ENSP00000243911,1
10635,ENSP00000414334,0
123686,ENSP00000316244,0
5074,ENSP00000262848,0
23994,ENSP00000322898,1
129806,ENSP00000368552,0
3397,ENSP00000362810,0
5533,ENSP00000280155,1
216239,ENSP00000342850,0
1051,ENSP00000259271,1
6054,ENSP00000354554,0
26644,ENSP00000301645,0
951,ENSP00000293897,1
5095,ENSP00000339740,0
3033538,ENSP00000346294,0
1117,ENSP00000341189,1
312,ENSP00000376611,1
1117,ENSP00000350941,1
1148,ENSP00000273064,1
3241,ENSP00000358511,0
4745,ENSP00000395473,0
312,ENSP00000296411,1
445420,ENSP00000362924,1
2131,ENSP00000363832,0
3340,ENSP00000386069,1
5582,ENSP00000367408,0
314,ENSP00000265512,0
951,ENSP00000256906,1
5202,ENSP00000302846,1
19861,ENSP00000328708,0
4745,ENSP00000454071,0
5284595,ENSP00000262178,0
5284595,ENSP00000394624,1
5530,ENSP00000383042,1
5524,ENSP00000337450,0
158,ENSP00000304414,1
450,ENSP00000325120,1
3410,ENSP00000352835,0
107688,ENSP00000360247,0
6505803,ENSP00000276390,0
23994,ENSP00000360635,1
5408,ENSP00000332679,1
9904,ENSP00000346160,0
47811,ENSP00000176183,1
5361092,ENSP00000342385,0
2160,ENSP00000380247,1
312,ENSP00000345023,1
4920,ENSP00000275300,1
5578,ENSP00000317985,0
92730,ENSP00000362463,0
445354,ENSP00000222481,0
5959,ENSP00000304414,1
5381226,ENSP00000290349,0
40841,ENSP00000364486,0
3602,ENSP00000306490,1
5959,ENSP00000358730,1
1117,ENSP00000447378,1
2120,ENSP00000257904,0
4184,ENSP00000256906,1
5726,ENSP00000005178,0
21722,ENSP00000285930,0
6726,ENSP00000345659,0
2215,ENSP00000314508,0
2249,ENSP00000360608,0
72968,ENSP00000384408,0
1117,ENSP00000205402,1
1117,ENSP00000301178,1
3823,ENSP00000328777,0
3954,ENSP00000394624,1
158,ENSP00000336630,1
5726,ENSP00000441600,0
5284570,ENSP00000337746,0
5074,ENSP00000354859,1
424,ENSP00000362353,0
312,ENSP00000290866,1
2499,ENSP00000260508,0
4629,ENSP00000267377,0
3845,ENSP00000364649,0
158,ENSP00000265572,1
3602,ENSP00000356713,0
5691,ENSP00000300093,1
2761,ENSP00000273430,0
1205,ENSP00000306490,1
2267,ENSP00000343027,0
5566,ENSP00000369960,1
9826744,ENSP00000347495,0
2973,ENSP00000233627,0
4911,ENSP00000367102,1
5936,ENSP00000251849,0
23994,ENSP00000265986,1
23925,ENSP00000302232,1
6834,ENSP00000303830,0
951,ENSP00000255008,1
40841,ENSP00000344456,0
3981,ENSP00000231948,0
2818,ENSP00000297785,0
3918,ENSP00000265593,0
191,ENSP00000451605,1
2761,ENSP00000306490,1
3016,ENSP00000265462,0
2332,ENSP00000309148,1
1548999,ENSP00000409378,0
60825,ENSP00000353791,0
60961,ENSP00000363596,1
57379345,ENSP00000223366,0
53232,ENSP00000346577,0
119607,ENSP00000023897,0
3823,ENSP00000261523,0
4042,ENSP00000351273,0
71739,ENSP00000336868,0
5076,ENSP00000337915,1
4042,ENSP00000262948,0
11597571,ENSP00000353452,0
4629,ENSP00000383042,0
125017,ENSP00000372654,0
3007,ENSP00000370213,0
216239,ENSP00000364361,1
1205,ENSP00000409378,1
6918365,ENSP00000312735,0
65243,ENSP00000001008,0
444008,ENSP00000358727,0
213023,ENSP00000304501,0
723,ENSP00000296411,0
68740,ENSP00000359151,0
5202,ENSP00000333821,1
5566,ENSP00000263980,0
5330286,ENSP00000315013,0
36314,ENSP00000365926,0
4034,ENSP00000335304,0
5284570,ENSP00000394624,1
4095,ENSP00000266971,0
19861,ENSP00000339740,0
3410,ENSP00000250559,0
158,ENSP00000349003,1
6426631,ENSP00000250559,1
3385,ENSP00000378890,0
2818,ENSP00000258400,1
4485,ENSP00000337915,1
4946,ENSP00000337450,1
23994,ENSP00000349576,1
4615,ENSP00000290597,0
6279,ENSP00000332771,0
192314,ENSP00000317842,0
15,ENSP00000242375,1
1065,ENSP00000376177,0
3962,ENSP00000268251,0
51577,ENSP00000419692,0
3671,ENSP00000378359,0
6013,ENSP00000337915,1
3238,ENSP00000376177,0
564,ENSP00000314151,0
2909,ENSP00000256958,1
9875401,ENSP00000369141,0
5352624,ENSP00000351755,0
5568,ENSP00000370938,0
2477,ENSP00000354687,0
2519,ENSP00000304501,1
4106,ENSP00000337949,1
2756,ENSP00000355920,1
85,ENSP00000356853,0
24360,ENSP00000236959,0
838,ENSP00000308549,1
1072,ENSP00000267615,0
9933475,ENSP00000389414,0
2771,ENSP00000384296,0
723,ENSP00000265986,1
149,ENSP00000385746,1
4184,ENSP00000348234,0
4442,ENSP00000347754,1
4108,ENSP00000176183,0
4883,ENSP00000358327,0
5358,ENSP00000368438,0
312,ENSP00000302486,1
23994,ENSP00000244051,1
5374,ENSP00000230671,0
119058,ENSP00000466420,1
5645,ENSP00000297991,0
312,ENSP00000276431,1
158,ENSP00000343782,1
312,ENSP00000229794,1
596,ENSP00000353099,0
27400,ENSP00000229277,0
312,ENSP00000333534,1
4055,ENSP00000367309,1
59768,ENSP00000321988,0
311,ENSP00000321999,0
60612,ENSP00000266682,0
936,ENSP00000362353,0
3916,ENSP00000296509,0
16132139,ENSP00000272298,0
2735,ENSP00000332887,0
3430,ENSP00000354532,0
1117,ENSP00000368438,1
5310960,ENSP00000315011,0
5527,ENSP00000350911,0
5408,ENSP00000227868,0
9933475,ENSP00000261799,1
9799888,ENSP00000221466,0
57379345,ENSP00000313420,0
5330286,ENSP00000320503,0
936,ENSP00000212015,1
122335,ENSP00000257904,0
68740,ENSP00000262320,0
39860,ENSP00000363021,0
5645,ENSP00000257068,0
122024,ENSP00000317159,0
54746,ENSP00000313681,0
5311081,ENSP00000265572,1
5487,ENSP00000300738,0
3177,ENSP00000229239,0
4691,ENSP00000270349,1
40841,ENSP00000311572,0
5202,ENSP00000304414,1
166558,ENSP00000001008,0
39042,ENSP00000311291,0
961,ENSP00000333994,1
5530,ENSP00000282397,0
312,ENSP00000216714,1
3648,ENSP00000321070,0
5095,ENSP00000386069,1
5581,ENSP00000343782,1
4036,ENSP00000218516,0
5203,ENSP00000377192,0
1593,ENSP00000322924,0
644077,ENSP00000363021,0
5149021,ENSP00000265016,0
16362,ENSP00000323811,0
5584,ENSP00000377549,0
44404987,ENSP00000362361,0
123679,ENSP00000331746,0
2726,ENSP00000409378,1
5572,ENSP00000319984,1
5588,ENSP00000301891,0
1117,ENSP00000359685,1
216235,ENSP00000380247,0
5484727,ENSP00000211122,0
937,ENSP00000217244,1
4920,ENSP00000241337,0
152945,ENSP00000313681,0
2726,ENSP00000337949,1
122024,ENSP00000323511,0
5381226,ENSP00000238379,0
5466,ENSP00000335261,0
5757,ENSP00000355930,1
9933475,ENSP00000350941,1
951,ENSP00000258145,0
593,ENSP00000352222,1
77992,ENSP00000225371,0
1355,ENSP00000351682,0
5645,ENSP00000401508,0
8646,ENSP00000222673,0
155346,ENSP00000319984,0
5587,ENSP00000356671,0
3912,ENSP00000272102,0
7054,ENSP00000353791,0
1132,ENSP00000324856,0
54746,ENSP00000176183,1
60961,ENSP00000216911,1
68844,ENSP00000336630,0
5359272,ENSP00000333982,0
723,ENSP00000359539,1
5284604,ENSP00000305302,0
5405,ENSP00000216962,0
5139,ENSP00000249016,0
3290,ENSP00000264381,1
702,ENSP00000420269,1
1117,ENSP00000371138,1
60961,ENSP00000349003,1
4253,ENSP00000386171,0
2662,ENSP00000377549,0
4100,ENSP00000285381,1
200,ENSP00000360549,0
4635,ENSP00000234961,1
72271,ENSP00000359793,0
2249,ENSP00000221859,0
11243969,ENSP00000325120,0
5530,ENSP00000355192,0
446512,ENSP00000358783,0
5284627,ENSP00000282397,0
4542,ENSP00000229447,0
643976,ENSP00000322450,1
4429,ENSP00000394624,1
72968,ENSP00000322788,0
3639,ENSP00000303775,0
33624,ENSP00000287022,0
2156,ENSP00000304408,0
5095,ENSP00000284440,0
5959,ENSP00000280155,1
3455,ENSP00000355645,0
23930,ENSP00000370223,1
4629,ENSP00000323867,0
312145,ENSP00000232975,0
191,ENSP00000243911,1
312,ENSP00000339503,1
2370,ENSP00000388107,0
5282381,ENSP00000217961,0
123015,ENSP00000252029,0
9576912,ENSP00000003100,0
2561,ENSP00000408695,0
191,ENSP00000384273,0
104842,ENSP00000325548,0
5076,ENSP00000444788,0
5311037,ENSP00000364898,0
941651,ENSP00000365773,0
60612,ENSP00000274192,0
6215,ENSP00000280701,0
26757,ENSP00000287907,0
441314,ENSP00000264382,1
311,ENSP00000304697,0
1117,ENSP00000012443,1
4440,ENSP00000288022,0
3155,ENSP00000260682,0
4992,ENSP00000258168,0
123686,ENSP00000368645,0
3081361,ENSP00000275493,1
4108,ENSP00000256999,0
5311067,ENSP00000223095,0
134018,ENSP00000368727,1
2230,ENSP00000301891,0
3406,ENSP00000265016,0
2719,ENSP00000354677,0
1224,ENSP00000266517,0
1051,ENSP00000231420,1
6675,ENSP00000303147,0
3749,ENSP00000337335,0
5202,ENSP00000359793,1
51634,ENSP00000225430,0
123878,ENSP00000324124,0
4160,ENSP00000209929,0
951,ENSP00000303686,1
5568,ENSP00000354859,1
3826,ENSP00000199280,0
3007,ENSP00000337949,1
2156,ENSP00000265724,1
3602,ENSP00000356438,0
4542,ENSP00000260227,0
4536,ENSP00000290765,0
4659568,ENSP00000395473,0
91649,ENSP00000265294,0
312,ENSP00000337915,1
5288826,ENSP00000351410,0
4383,ENSP00000306920,0
9576912,ENSP00000334592,0
2812,ENSP00000261835,1
785,ENSP00000363512,0
2169,ENSP00000362924,0
2116,ENSP00000337949,0
3964,ENSP00000371138,0
392622,ENSP00000336630,0
961,ENSP00000331746,0
11804285,ENSP00000380247,0
5202,ENSP00000303686,1
439260,ENSP00000303775,1
3403,ENSP00000320147,0
19143,ENSP00000234961,1
1541,ENSP00000342560,1
1080,ENSP00000363397,0
774,ENSP00000330284,1
2476,ENSP00000394624,1
838,ENSP00000330284,1
3219,ENSP00000451560,0
9826744,ENSP00000324740,0
31307,ENSP00000308541,0
3985498,ENSP00000299518,0
5035,ENSP00000333534,0
130731,ENSP00000322991,0
5475158,ENSP00000356694,0
121963,ENSP00000286479,0
2949,ENSP00000219054,0
6215,ENSP00000401508,0
2311,ENSP00000351957,0
3385,ENSP00000359211,1
4992,ENSP00000371110,0
3155,ENSP00000321845,0
39042,ENSP00000333821,0
13109,ENSP00000356425,0
593,ENSP00000324124,1
4184,ENSP00000369960,1
39042,ENSP00000255380,0
1117,ENSP00000343027,1
60612,ENSP00000353679,0
21722,ENSP00000380247,1
2215,ENSP00000354612,0
5401,ENSP00000370213,0
4114,ENSP00000245457,0
4533,ENSP00000267568,0
5329098,ENSP00000277120,1
5202,ENSP00000216962,0
16132139,ENSP00000330032,0
5012,ENSP00000337761,0
4691,ENSP00000346901,0
192314,ENSP00000364831,0
838,ENSP00000264657,0
4919,ENSP00000286621,0
9966051,ENSP00000466799,0
5486827,ENSP00000360687,0
3671,ENSP00000301146,0
774,ENSP00000354511,0
446157,ENSP00000362273,0
60961,ENSP00000234961,1
1548999,ENSP00000216410,0
3826,ENSP00000291294,0
71739,ENSP00000308032,0
36462,ENSP00000348918,0
3363,ENSP00000267845,0
6437849,ENSP00000296861,0
2249,ENSP00000369530,0
10635,ENSP00000226413,0
23930,ENSP00000337733,0
4629,ENSP00000255380,1
166558,ENSP00000203407,0
23925,ENSP00000327801,1
702,ENSP00000364721,0
15897,ENSP00000347717,0
9934,ENSP00000274545,0
100788,ENSP00000249042,0
2476,ENSP00000199280,0
3964,ENSP00000358525,0
2215,ENSP00000367959,1
4659568,ENSP00000251588,0
1204,ENSP00000446743,0
10096344,ENSP00000278412,0
2119,ENSP00000250971,0
951,ENSP00000358301,1
28417,ENSP00000353791,0
4615,ENSP00000380247,1
2200,ENSP00000360154,0
1117,ENSP00000234454,1
1117,ENSP00000396308,1
5202,ENSP00000336630,1
4991,ENSP00000340466,0
222528,ENSP00000364801,0
4020,ENSP00000360541,0
26721,ENSP00000378295,0
122296,ENSP00000359976,0
5329099,ENSP00000364212,0
5527,ENSP00000250971,0
26879,ENSP00000327251,0
42955,ENSP00000351682,0
4932,ENSP00000343027,0
65750,ENSP00000386456,0
3000,ENSP00000366482,0
4179,ENSP00000290597,0
3158,ENSP00000367959,1
5280723,ENSP00000413074,0
12560,ENSP00000373884,0
5012,ENSP00000261937,0
449459,ENSP00000379140,0
5210,ENSP00000345502,0
6054,ENSP00000351706,0
1117,ENSP00000379140,1
5284549,ENSP00000178638,1
5374,ENSP00000011653,0
2561,ENSP00000256999,0
1117,ENSP00000295055,1
3086686,ENSP00000381412,1
3684,ENSP00000360141,0
643976,ENSP00000354728,1
6834,ENSP00000258400,0
3957,ENSP00000265724,1
4440,ENSP00000261669,0
4666,ENSP00000269571,1
9871419,ENSP00000377948,0
1821,ENSP00000356425,0
5771,ENSP00000378295,0
838,ENSP00000243911,1
60719,ENSP00000337949,0
5095,ENSP00000254663,0
68740,ENSP00000364212,0
2088,ENSP00000339001,0
1080,ENSP00000354728,0
702,ENSP00000303775,0
35370,ENSP00000295897,1
5284603,ENSP00000331201,0
2083,ENSP00000352222,0
5497186,ENSP00000285381,0
5282054,ENSP00000328835,0
5203,ENSP00000215587,0
60842,ENSP00000309591,0
34521,ENSP00000360541,0
166558,ENSP00000234590,0
6834,ENSP00000352900,0
448537,ENSP00000343925,1
2051,ENSP00000358525,0
698,ENSP00000466799,1
1117,ENSP00000314606,1
9933475,ENSP00000361423,1
951,ENSP00000369960,1
5562,ENSP00000302967,1
104973,ENSP00000358107,0
5464105,ENSP00000233627,0
1117,ENSP00000339503,1
1117,ENSP00000256078,1
23925,ENSP00000369530,1
119380,ENSP00000319343,0
60809,ENSP00000301891,0
5077,ENSP00000317842,1
5149021,ENSP00000360541,0
3016,ENSP00000267085,0
5588,ENSP00000320171,0
718,ENSP00000211122,0
6450551,ENSP00000263923,1
25197,ENSP00000418447,0
836,ENSP00000417214,0
129211,ENSP00000263923,0
4296,ENSP00000302111,0
5656,ENSP00000319814,0
6291,ENSP00000332771,0
4108,ENSP00000308549,0
2161,ENSP00000351755,0
119461,ENSP00000302441,0
610479,ENSP00000217185,0
3762,ENSP00000346805,0
2405,ENSP00000358730,0
5452,ENSP00000369960,1
4179,ENSP00000299766,0
121850,ENSP00000310701,0
3449,ENSP00000317842,1
53232,ENSP00000256999,0
5329099,ENSP00000335357,0
2687,ENSP00000337949,0
838,ENSP00000216951,0
1978,ENSP00000306490,0
19143,ENSP00000263182,0
2995,ENSP00000261799,0
216235,ENSP00000304501,0
119058,ENSP00000377914,0
36920,ENSP00000407546,0
1798,ENSP00000367608,1
5056,ENSP00000369960,0
2735,ENSP00000317842,0
1224,ENSP00000377721,0
15897,ENSP00000410076,0
2833,ENSP00000219313,0
5310960,ENSP00000305372,0
6337614,ENSP00000211122,0
4629,ENSP00000258042,0
1229,ENSP00000362608,0
4011,ENSP00000313420,0
23930,ENSP00000356022,1
6918837,ENSP00000362649,1
6230,ENSP00000377311,0
5515,ENSP00000349576,0
5405,ENSP00000337915,1
129211,ENSP00000369960,1
4865,ENSP00000261007,0
3671,ENSP00000256906,0
3715,ENSP00000296522,1
311,ENSP00000272102,1
1130,ENSP00000249042,0
191,ENSP00000349003,1
71301,ENSP00000386029,0
774,ENSP00000362810,1
4485,ENSP00000217901,0
2249,ENSP00000358730,1
11597571,ENSP00000288135,1
5203,ENSP00000292147,0
444795,ENSP00000336528,1
951,ENSP00000289753,1
2812,ENSP00000337915,1
53232,ENSP00000287936,1
3009,ENSP00000261007,0
3413,ENSP00000331327,0
3671,ENSP00000299529,0
156391,ENSP00000345659,0
1050,ENSP00000308720,0
5267,ENSP00000341390,1
312,ENSP00000353720,1
312,ENSP00000306606,1
47811,ENSP00000354859,1
3394,ENSP00000297792,0
2487,ENSP00000365851,0
6741,ENSP00000301974,0
4108,ENSP00000311165,0
444732,ENSP00000311572,0
312,ENSP00000270776,1
1117,ENSP00000329374,1
16129682,ENSP00000282841,0
774,ENSP00000287907,1
10517,ENSP00000216410,0
1117,ENSP00000228434,1
16960,ENSP00000408860,0
4788,ENSP00000356480,0
6436,ENSP00000234590,0
312,ENSP00000321821,1
5056,ENSP00000206249,1
158795,ENSP00000252029,0
68760,ENSP00000376176,0
5512,ENSP00000255380,1
5077,ENSP00000236959,0
1440,ENSP00000265724,0
3340,ENSP00000367615,0
2477,ENSP00000280701,0
71120,ENSP00000432481,1
3168,ENSP00000350491,0
5329099,ENSP00000228476,0
3007,ENSP00000354859,1
2978,ENSP00000343925,0
19861,ENSP00000271450,0
1117,ENSP00000319730,1
3559,ENSP00000356713,0
3962,ENSP00000276651,0
7054,ENSP00000229447,0
2726,ENSP00000265724,1
191,ENSP00000217426,1
5202,ENSP00000272928,1
2807,ENSP00000292513,1
16362,ENSP00000381717,0
4919,ENSP00000244137,0
54746,ENSP00000367959,1
4020,ENSP00000384273,0
115146,ENSP00000358525,0
179837,ENSP00000287936,1
4889,ENSP00000331912,0
312,ENSP00000306920,1
104787,ENSP00000264382,0
2550,ENSP00000292513,0
5508,ENSP00000351410,0
5329102,ENSP00000372023,1
2949,ENSP00000308032,0
5281605,ENSP00000379839,0
1775,ENSP00000371110,0
5691,ENSP00000365926,0
191,ENSP00000275216,1
57537,ENSP00000313432,0
5645,ENSP00000308938,0
158,ENSP00000363431,1
1117,ENSP00000218516,1
5282279,ENSP00000264426,0
3001055,ENSP00000270349,0
10836,ENSP00000298472,1
123015,ENSP00000310701,0
3154,ENSP00000345659,1
1117,ENSP00000232217,1
951,ENSP00000307766,1
322,ENSP00000358596,0
1349907,ENSP00000209929,1
2689,ENSP00000377311,0
6047,ENSP00000363092,0
5512,ENSP00000349467,0
4536,ENSP00000257248,0
5203,ENSP00000362353,0
2551,ENSP00000255380,1
2978,ENSP00000375893,1
1117,ENSP00000356070,1
312,ENSP00000265715,1
55283,ENSP00000265724,1
36920,ENSP00000343782,1
5462501,ENSP00000355192,0
745,ENSP00000010404,1
5329102,ENSP00000435412,1
311,ENSP00000342056,1
5936,ENSP00000367934,0
5352,ENSP00000285930,1
15,ENSP00000466799,1
4585,ENSP00000386069,1
311,ENSP00000250378,1
9934,ENSP00000296511,1
9934,ENSP00000364597,0
3827,ENSP00000308541,0
57242,ENSP00000313420,0
3430,ENSP00000315013,0
11243969,ENSP00000370254,0
937,ENSP00000222330,0
2662,ENSP00000354612,1
2247,ENSP00000347689,0
216239,ENSP00000291294,0
2968,ENSP00000223129,0
23994,ENSP00000223095,1
6834,ENSP00000337949,0
151069,ENSP00000360939,0
3748,ENSP00000264690,0
3081361,ENSP00000261799,1
9799453,ENSP00000356438,1
5090,ENSP00000366093,0
305,ENSP00000308024,0
996,ENSP00000299565,0
65889,ENSP00000284440,0
3692,ENSP00000406220,0
3222,ENSP00000301776,0
2332,ENSP00000316854,1
4631,ENSP00000385746,0
2524,ENSP00000357907,0
119461,ENSP00000337746,0
5329102,ENSP00000288135,1
2987,ENSP00000265689,0
5350,ENSP00000280155,0
151165,ENSP00000302967,0
94701,ENSP00000222382,0
14985,ENSP00000222673,0
3016,ENSP00000367608,0
85,ENSP00000307445,0
5556,ENSP00000343690,0
68848,ENSP00000308024,0
6466,ENSP00000236826,0
5656,ENSP00000342235,0
564,ENSP00000216714,0
2708,ENSP00000350425,0
501390,ENSP00000335544,0
4428,ENSP00000372191,0
4885,ENSP00000265465,0
440120,ENSP00000300738,0
1089,ENSP00000296122,0
3692,ENSP00000327255,0
4630,ENSP00000347942,0
3405,ENSP00000394624,0
644073,ENSP00000292614,0
5578,ENSP00000325690,0
125017,ENSP00000236959,0
314,ENSP00000389948,1
44404987,ENSP00000333821,0
156391,ENSP00000266970,0
5029,ENSP00000379140,0
107778,ENSP00000269571,0
5363,ENSP00000361965,0
3310,ENSP00000377954,0
60961,ENSP00000287907,1
4630,ENSP00000219700,0
298,ENSP00000332591,1
5281071,ENSP00000229277,0
5959,ENSP00000363596,1
2949,ENSP00000325120,1
5311018,ENSP00000223366,0
4639,ENSP00000371535,0
4179,ENSP00000267101,0
23931,ENSP00000252945,1
596,ENSP00000000233,0
679,ENSP00000345502,1
445354,ENSP00000217244,0
4533,ENSP00000328777,0
15209,ENSP00000312286,0
5311067,ENSP00000231509,1
25077992,ENSP00000310071,0
774,ENSP00000337949,1
36314,ENSP00000265724,1
1071,ENSP00000352222,0
445354,ENSP00000299529,1
156391,ENSP00000370129,1
5454,ENSP00000366506,1
123686,ENSP00000410732,0
4477,ENSP00000340278,0
311,ENSP00000367615,1
108156,ENSP00000257068,0
214,ENSP00000264426,0
71616,ENSP00000371929,0
23925,ENSP00000329093,1
5282054,ENSP00000358327,0
9801640,ENSP00000370526,0
2726,ENSP00000361845,0
3519,ENSP00000361642,0
5281707,ENSP00000307900,0
2689,ENSP00000265465,0
4919,ENSP00000306490,1
23930,ENSP00000267549,0
1240,ENSP00000370254,0
60612,ENSP00000376177,0
1548943,ENSP00000359211,0
5480230,ENSP00000358727,0
1117,ENSP00000315212,1
1205,ENSP00000366488,0
298,ENSP00000342560,1
71301,ENSP00000446743,0
5202,ENSP00000343782,1
4919,ENSP00000346160,0
5282280,ENSP00000176183,1
179837,ENSP00000270349,0
10836,ENSP00000359991,0
5865,ENSP00000337746,0
838,ENSP00000333821,1
312,ENSP00000340278,1
1117,ENSP00000221130,1
445420,ENSP00000225275,0
2978,ENSP00000358511,1
3964,ENSP00000367959,1
5281071,ENSP00000343925,0
23994,ENSP00000308024,1
5581,ENSP00000275493,0
100516,ENSP00000279488,0
2564,ENSP00000229416,0
23930,ENSP00000324804,1
2239,ENSP00000306490,0
3033538,ENSP00000278742,0
5352,ENSP00000370129,1
3086686,ENSP00000225577,1
5202,ENSP00000299766,1
2332,ENSP00000217244,1
951,ENSP00000217270,1
65064,ENSP00000406220,0
5530,ENSP00000269466,0
2801,ENSP00000258400,1
5040,ENSP00000377948,0
5202,ENSP00000245457,1
198792,ENSP00000362401,0
2333,ENSP00000366482,0
187,ENSP00000381740,0
449459,ENSP00000343925,1
1979,ENSP00000298472,0
5314,ENSP00000407546,1
2583,ENSP00000306866,0
643976,ENSP00000307786,1
11597571,ENSP00000257904,0
24466,ENSP00000297991,0
4080,ENSP00000238379,0
643976,ENSP00000005178,0
55482,ENSP00000302846,0
4236,ENSP00000356070,0
3308,ENSP00000316121,0
5074,ENSP00000395574,0
9803852,ENSP00000417214,0
1117,ENSP00000381607,1
1609,ENSP00000356425,0
961,ENSP00000308938,0
152945,ENSP00000215832,0
441300,ENSP00000231487,0
3343,ENSP00000244051,0
5755,ENSP00000359991,0
114892,ENSP00000317159,0
129211,ENSP00000266970,0
5568,ENSP00000350265,0
3387,ENSP00000221742,0
393599,ENSP00000218721,0
4992,ENSP00000322706,0
4020,ENSP00000396452,0
1117,ENSP00000408526,1
291,ENSP00000408695,0
9826744,ENSP00000358511,1
1051,ENSP00000318868,1
216235,ENSP00000297494,0
2487,ENSP00000323071,0
71246,ENSP00000380157,0
158,ENSP00000249016,1
253,ENSP00000343657,1
2564,ENSP00000323867,0
3954,ENSP00000428982,0
5408,ENSP00000360247,1
3915,ENSP00000303686,1
10133,ENSP00000375881,0
216235,ENSP00000010404,0
3603,ENSP00000225831,0
4044,ENSP00000245457,0
55482,ENSP00000409378,0
122296,ENSP00000419692,0
5311080,ENSP00000349467,0
1683,ENSP00000350265,0
312,ENSP00000355866,1
171548,ENSP00000419027,1
5568,ENSP00000361642,0
5330286,ENSP00000350941,0
1349907,ENSP00000261514,0
5280961,ENSP00000321070,0
26721,ENSP00000394624,1
5304,ENSP00000419027,0
3602,ENSP00000276373,0
55482,ENSP00000235382,0
446155,ENSP00000366488,0
1683,ENSP00000347754,1
5401,ENSP00000234590,0
440120,ENSP00000336687,1
2118,ENSP00000261326,0
1065,ENSP00000222982,1
6054,ENSP00000331831,0
723,ENSP00000216194,1
5472,ENSP00000353915,0
4585,ENSP00000366506,1
151165,ENSP00000406220,0
5381,ENSP00000377947,1
3883,ENSP00000288022,0
5732,ENSP00000358511,0
1541,ENSP00000292301,1
9578572,ENSP00000228434,0
5012,ENSP00000340684,0
5381226,ENSP00000303147,0
1798,ENSP00000255380,0
2662,ENSP00000327255,0
305,ENSP00000343190,0
4055,ENSP00000356713,0
5381226,ENSP00000011292,0
3410,ENSP00000382021,0
23994,ENSP00000309477,1
9799453,ENSP00000319814,0
123885,ENSP00000347689,0
10635,ENSP00000250378,0
4429,ENSP00000370989,0
25075996,ENSP00000303147,0
2512,ENSP00000290597,0
107971,ENSP00000289004,0
1117,ENSP00000275493,1
311,ENSP00000297792,1
5284604,ENSP00000370526,0
936,ENSP00000358525,0
43815,ENSP00000409378,1
5284569,ENSP00000420168,0
298,ENSP00000354859,1
36811,ENSP00000323867,0
107985,ENSP00000357066,0
2332,ENSP00000232975,0
4296,ENSP00000358814,0
122335,ENSP00000313681,0
10182969,ENSP00000248114,0
5533,ENSP00000010404,0
23994,ENSP00000255030,1
6741,ENSP00000364721,0
2802,ENSP00000023897,1
9871419,ENSP00000309259,0
3154,ENSP00000343204,0
2332,ENSP00000299267,1
1986,ENSP00000337746,0
2724385,ENSP00000236959,0
2131,ENSP00000320171,0
5360515,ENSP00000265572,1
5284604,ENSP00000229277,0
1971,ENSP00000325425,0
23994,ENSP00000350491,1
9871419,ENSP00000363115,0
5329102,ENSP00000343204,1
5203,ENSP00000383840,0
23977,ENSP00000358223,0
1132,ENSP00000373674,0
23931,ENSP00000316854,1
216235,ENSP00000298472,0
13109,ENSP00000329357,0
5311018,ENSP00000386284,0
60961,ENSP00000249016,1
3392,ENSP00000382697,0
2561,ENSP00000336528,0
5743,ENSP00000359285,0
68848,ENSP00000245312,0
3658,ENSP00000380247,1
1117,ENSP00000350265,1
4629,ENSP00000319984,1
2332,ENSP00000264690,1
1349907,ENSP00000354554,0
5538,ENSP00000215832,1
1809,ENSP00000316244,1
439260,ENSP00000363596,1
3823,ENSP00000373884,0
5210,ENSP00000258385,0
5556,ENSP00000265294,1
4865,ENSP00000288135,0
60809,ENSP00000336868,0
3404,ENSP00000375881,0
951,ENSP00000377948,1
23994,ENSP00000260447,1
312,ENSP00000260970,1
2803,ENSP00000372191,0
2116,ENSP00000287022,0
2160,ENSP00000409378,1
26644,ENSP00000331201,0
107688,ENSP00000253799,0
2771,ENSP00000288135,0
3449,ENSP00000251849,0
2753,ENSP00000282096,1
15209,ENSP00000367102,0
5281707,ENSP00000216330,0
5202,ENSP00000322898,0
168572,ENSP00000265572,1
698,ENSP00000293860,0
5480230,ENSP00000354554,0
440120,ENSP00000332887,0
311,ENSP00000251535,0
2561,ENSP00000316244,0
3405,ENSP00000315644,1
312,ENSP00000368752,1
643976,ENSP00000354687,1
23931,ENSP00000356958,0
312,ENSP00000373674,1
890,ENSP00000241261,0
838,ENSP00000395473,0
593,ENSP00000418603,1
5526,ENSP00000314151,0
4429,ENSP00000350941,0
1117,ENSP00000340278,1
216239,ENSP00000357835,0
89594,ENSP00000359285,1
123878,ENSP00000012443,0
298,ENSP00000308549,1
4423,ENSP00000378359,0
5202,ENSP00000363596,1
3883,ENSP00000419970,0
6918638,ENSP00000352702,0
5056,ENSP00000234111,1
1117,ENSP00000445175,1
2753,ENSP00000351957,1
3916,ENSP00000354859,1
16362,ENSP00000367959,1
4495,ENSP00000346805,0
774,ENSP00000363596,1
4830,ENSP00000260970,0
4992,ENSP00000292301,0
5512,ENSP00000357204,0
2833,ENSP00000277865,0
1613,ENSP00000285930,1
5281969,ENSP00000327255,0
2538,ENSP00000363812,0
5610,ENSP00000291294,0
784,ENSP00000335592,0
5656,ENSP00000446743,0
4034,ENSP00000312735,0
4850,ENSP00000386069,1
1072,ENSP00000362115,0
65750,ENSP00000367309,0
1117,ENSP00000211122,1
4659568,ENSP00000222673,0
6089,ENSP00000292427,0
104858,ENSP00000308549,0
3158,ENSP00000312606,0
5311080,ENSP00000234961,1
5486684,ENSP00000359151,0
68740,ENSP00000219070,1
785,ENSP00000370254,0
937,ENSP00000377549,0
312,ENSP00000309504,1
745,ENSP00000431049,1
312,ENSP00000318351,1
2753,ENSP00000221130,0
25075996,ENSP00000278742,0
4528,ENSP00000370938,0
5202,ENSP00000350198,1
34521,ENSP00000347717,0
10635,ENSP00000168216,0
23994,ENSP00000371554,1
5485199,ENSP00000356410,0
3219,ENSP00000362608,0
5894,ENSP00000255030,0
6834,ENSP00000358107,0
1229,ENSP00000432481,0
19910,ENSP00000267085,0
311,ENSP00000309968,1
3639,ENSP00000444788,0
1117,ENSP00000371067,1
5186,ENSP00000430432,1
3033538,ENSP00000353452,0
4095,ENSP00000265572,1
71616,ENSP00000321845,0
6468,ENSP00000340684,0
16133831,ENSP00000362353,1
5582,ENSP00000360519,0
2333,ENSP00000263980,0
3547,ENSP00000255008,0
2719,ENSP00000362353,0
6726,ENSP00000306490,1
5284596,ENSP00000358730,1
5691,ENSP00000299267,0
501390,ENSP00000314508,1
10607,ENSP00000307445,0
4160,ENSP00000354728,0
5202,ENSP00000316244,1
5578,ENSP00000386069,0
1229,ENSP00000331602,0
23994,ENSP00000370254,1
1935,ENSP00000317842,1
23977,ENSP00000289004,1
119380,ENSP00000370571,0
3648,ENSP00000265572,1
3639,ENSP00000294973,0
23931,ENSP00000349467,0
392622,ENSP00000337915,1
5195,ENSP00000385834,0
2662,ENSP00000301645,0
115146,ENSP00000384490,1
2761,ENSP00000307766,0
5137129,ENSP00000362344,0
5329099,ENSP00000263923,1
3168,ENSP00000311032,0
4168,ENSP00000331897,0
951,ENSP00000267377,1
439176,ENSP00000366156,1
119461,ENSP00000245457,1
5566,ENSP00000346294,1
5284549,ENSP00000309565,0
3779,ENSP00000264047,1
4992,ENSP00000256906,1
23994,ENSP00000284811,1
16132139,ENSP00000221742,0
3295,ENSP00000322898,0
100516,ENSP00000327246,0
72430,ENSP00000235521,0
312,ENSP00000216117,1
5282280,ENSP00000307445,0
2726,ENSP00000280155,1
6623,ENSP00000328173,0
4078,ENSP00000380247,1
723,ENSP00000323071,0
1548886,ENSP00000370129,1
171548,ENSP00000275525,0
11301,ENSP00000296522,0
5530,ENSP00000340684,1
252716,ENSP00000302846,0
5771,ENSP00000270776,0
2801,ENSP00000369960,1
445154,ENSP00000212015,1
4850,ENSP00000336687,0
4919,ENSP00000307766,0
1117,ENSP00000341658,1
5311080,ENSP00000329357,0
2419,ENSP00000339740,0
2333,ENSP00000370254,1
312,ENSP00000221130,1
85,ENSP00000344818,0
6013,ENSP00000242375,1
26644,ENSP00000234961,1
2249,ENSP00000376176,0
5959,ENSP00000308938,0
4635,ENSP00000388107,0
312,ENSP00000284811,1
1117,ENSP00000313681,1
838,ENSP00000267377,1
104787,ENSP00000282957,0
3086686,ENSP00000343204,1
6010,ENSP00000322706,0
5626,ENSP00000303423,0
4768,ENSP00000386069,1
4196,ENSP00000287820,1
4440,ENSP00000373674,0
3915,ENSP00000328835,0
1134,ENSP00000414334,1
6917655,ENSP00000263182,0
23925,ENSP00000362674,1
1440,ENSP00000285381,0
5959,ENSP00000255008,1
4624,ENSP00000356694,0
5959,ENSP00000257254,1
122033,ENSP00000176183,0
2995,ENSP00000280155,1
122335,ENSP00000255262,0
9395,ENSP00000292614,0
312,ENSP00000216194,1
1148,ENSP00000365851,0
1117,ENSP00000261669,1
123679,ENSP00000398632,0
4927,ENSP00000255380,1
9799888,ENSP00000316244,0
26721,ENSP00000265572,1
4055,ENSP00000305714,0
5761,ENSP00000367959,1
4528,ENSP00000222002,0
4296,ENSP00000342385,0
5329099,ENSP00000356591,0
444795,ENSP00000360939,0
1253,ENSP00000255008,0
122024,ENSP00000356022,0
171548,ENSP00000355330,0
5588,ENSP00000273550,0
5202,ENSP00000358730,1
37464,ENSP00000323549,0
5770,ENSP00000315602,0
2083,ENSP00000205402,0
3675,ENSP00000264193,0
5894,ENSP00000219240,0
123015,ENSP00000409378,0
5097,ENSP00000282957,0
4066,ENSP00000380247,1
3016,ENSP00000284440,0
5287844,ENSP00000360519,0
11804285,ENSP00000219252,0
9832383,ENSP00000262948,0
5278,ENSP00000355206,0
5538,ENSP00000232217,1
10133,ENSP00000288602,0
71739,ENSP00000315011,0
3598,ENSP00000232219,0
312,ENSP00000285379,1
3692,ENSP00000256906,1
3547,ENSP00000375892,0
3033538,ENSP00000369960,1
3954,ENSP00000276651,0
4248,ENSP00000362401,1
134018,ENSP00000350425,0
25197,ENSP00000360247,0
2764,ENSP00000321334,1
213023,ENSP00000362273,0
33624,ENSP00000312735,0
5589,ENSP00000356438,1
5566,ENSP00000380247,1
222528,ENSP00000254488,0
5282280,ENSP00000316244,1
60809,ENSP00000255380,1
36736,ENSP00000228476,0
4894,ENSP00000285979,0
37464,ENSP00000358730,0
610,ENSP00000353731,1
1548999,ENSP00000303575,0
114683,ENSP00000317159,0
4184,ENSP00000380247,1
2405,ENSP00000354859,0
3086685,ENSP00000363205,0
3086686,ENSP00000385571,1
5284596,ENSP00000341658,0
468595,ENSP00000277942,0
1224,ENSP00000367959,1
155346,ENSP00000270776,0
1548886,ENSP00000382697,0
54459,ENSP00000332887,0
4196,ENSP00000325120,1
126941,ENSP00000364486,0
692,ENSP00000262584,0
5775,ENSP00000296511,0
6037,ENSP00000260682,0
5311304,ENSP00000249041,0
5959,ENSP00000293897,1
5374,ENSP00000386069,1
1117,ENSP00000325425,1
57379345,ENSP00000296522,0
92100,ENSP00000264657,0
5281605,ENSP00000293897,0
5959,ENSP00000267377,1
6054,ENSP00000311572,0
9815499,ENSP00000368645,0
158,ENSP00000267549,1
5352624,ENSP00000354687,0
312,ENSP00000344220,1
5360515,ENSP00000367959,1
16197727,ENSP00000299766,1
122033,ENSP00000357986,0
36920,ENSP00000309504,0
951,ENSP00000328708,1
148211,ENSP00000385834,0
2725,ENSP00000270349,1
23930,ENSP00000244137,1
23994,ENSP00000296412,1
55245,ENSP00000287820,1
9642,ENSP00000345774,0
3954,ENSP00000254719,0
122220,ENSP00000348911,0
171548,ENSP00000343657,1
23931,ENSP00000264381,1
36736,ENSP00000267568,0
1204,ENSP00000367608,0
5610,ENSP00000222673,0
104741,ENSP00000011292,0
158795,ENSP00000352584,0
122187,ENSP00000420269,0
158,ENSP00000258042,1
158,ENSP00000299766,1
2968,ENSP00000346805,0
2099,ENSP00000417214,0
3397,ENSP00000306866,0
3857,ENSP00000000233,0
2051,ENSP00000304408,0
2165,ENSP00000360317,1
838,ENSP00000273430,1
4865,ENSP00000277865,0
4212,ENSP00000269571,1
5056,ENSP00000287820,1
312,ENSP00000369134,1
5381,ENSP00000254066,1
4236,ENSP00000251607,0
4630,ENSP00000232975,0
1134,ENSP00000222382,0
3715,ENSP00000367102,1
5770,ENSP00000276373,1
60769,ENSP00000314441,0
149,ENSP00000360608,0
3007,ENSP00000363092,0
4850,ENSP00000466420,0
5562,ENSP00000312606,0
445643,ENSP00000363988,0
60961,ENSP00000217426,1
91605,ENSP00000338072,0
3559,ENSP00000176183,1
24267,ENSP00000263774,0
2685,ENSP00000332973,0
4440,ENSP00000356713,0
3547,ENSP00000261937,0
18830,ENSP00000274545,0
637542,ENSP00000405573,0
23994,ENSP00000308938,1
2367,ENSP00000247970,1
305,ENSP00000332887,0
4112,ENSP00000221130,0
3675,ENSP00000345771,0
3682,ENSP00000211122,0
9878,ENSP00000231509,1
2249,ENSP00000298942,0
5284627,ENSP00000181383,0
5587,ENSP00000308549,0
5775,ENSP00000178638,0
3404,ENSP00000347979,0
3278,ENSP00000292513,0
439260,ENSP00000328173,0
2367,ENSP00000366482,0
4991,ENSP00000307241,0
2949,ENSP00000362608,0
2487,ENSP00000359793,0
121850,ENSP00000303522,0
3937,ENSP00000329093,0
5562,ENSP00000360549,0
107772,ENSP00000454071,0
402,ENSP00000325425,0
178103,ENSP00000255380,0
9799888,ENSP00000302232,0
71616,ENSP00000356480,0
5757,ENSP00000466799,1
5074,ENSP00000217901,0
9395,ENSP00000264193,0
77918,ENSP00000261937,0
439176,ENSP00000010404,0
1548999,ENSP00000366506,0
5330286,ENSP00000380247,0
68848,ENSP00000360372,0
155346,ENSP00000301634,0
25880656,ENSP00000219070,1
439260,ENSP00000394624,1
2099,ENSP00000347754,1
71739,ENSP00000275216,0
679,ENSP00000001008,1
4440,ENSP00000217961,0
501390,ENSP00000264668,0
9815499,ENSP00000296122,0
191,ENSP00000245457,1
104787,ENSP00000350928,0
65750,ENSP00000299766,0
3998,ENSP00000350928,0
3517,ENSP00000359532,0
23932,ENSP00000352835,0
951,ENSP00000249016,1
4889,ENSP00000241256,0
5040,ENSP00000361275,0
31307,ENSP00000318351,0
6291,ENSP00000406157,0
3350,ENSP00000274192,1
5311304,ENSP00000265572,1
107985,ENSP00000316121,0
24360,ENSP00000253122,0
12560,ENSP00000222673,0
25201794,ENSP00000225831,0
444732,ENSP00000306662,0
951,ENSP00000350256,1
5267,ENSP00000361021,0
2726,ENSP00000386069,1
2726,ENSP00000366506,1
6917655,ENSP00000325312,1
252716,ENSP00000331103,0
2685,ENSP00000265465,0
5311081,ENSP00000320171,0
5452,ENSP00000380247,1
6013,ENSP00000222382,1
9871419,ENSP00000281806,0
5282054,ENSP00000226444,0
200,ENSP00000323867,1
774,ENSP00000333821,1
312,ENSP00000262948,0
439176,ENSP00000278742,0
2818,ENSP00000363216,0
3937,ENSP00000231948,0
2854,ENSP00000260970,0
54369,ENSP00000396308,1
445643,ENSP00000359693,1
3308,ENSP00000342235,0
5284627,ENSP00000297494,0
2367,ENSP00000321334,0
5022,ENSP00000308549,1
446155,ENSP00000260682,1
5626,ENSP00000406157,0
66414,ENSP00000369816,1
679,ENSP00000285379,1
3001028,ENSP00000265052,0
104787,ENSP00000354677,0
3964,ENSP00000289753,1
667490,ENSP00000238379,0
119461,ENSP00000292596,0
85,ENSP00000315013,1
3912,ENSP00000363216,0
6040,ENSP00000280155,1
6505803,ENSP00000344220,0
25077992,ENSP00000395574,0
5526,ENSP00000265113,0
4425,ENSP00000220809,0
107778,ENSP00000302564,0
191,ENSP00000276651,0
2476,ENSP00000234961,1
5288826,ENSP00000326227,0
3285,ENSP00000353452,0
23994,ENSP00000308176,1
2662,ENSP00000364212,0
3916,ENSP00000367959,1
2730,ENSP00000362463,0
2714,ENSP00000261523,0
126941,ENSP00000275216,0
23994,ENSP00000430432,1
4036,ENSP00000305974,0
4585,ENSP00000307766,1
31703,ENSP00000410076,1
5284549,ENSP00000346827,0
942,ENSP00000276410,1
4585,ENSP00000337949,1
3615,ENSP00000320709,0
91649,ENSP00000273064,0
718,ENSP00000356671,0
89594,ENSP00000235835,0
5584,ENSP00000270349,1
1134,ENSP00000309148,0
3547,ENSP00000256443,0
16133831,ENSP00000410076,0
5702160,ENSP00000217185,0
11301,ENSP00000386069,0
114866,ENSP00000270570,0
91649,ENSP00000435412,0
1613,ENSP00000302486,0
9880,ENSP00000323511,0
445154,ENSP00000235521,0
5288826,ENSP00000298472,0
10267,ENSP00000298171,0
446220,ENSP00000335592,0
3158,ENSP00000302478,0
5677,ENSP00000409007,0
393599,ENSP00000229239,0
4745,ENSP00000367959,1
439260,ENSP00000308549,1
5324345,ENSP00000331327,0
439260,ENSP00000305372,1
5359272,ENSP00000394624,1
208908,ENSP00000386069,0
281,ENSP00000333994,1
25077992,ENSP00000265593,0
5311,ENSP00000389948,0
5329098,ENSP00000343204,0
4095,ENSP00000382021,0
2826,ENSP00000308032,0
4004,ENSP00000305974,0
71739,ENSP00000364475,0
1117,ENSP00000288135,1
718,ENSP00000292147,0
3403,ENSP00000417980,0
5530,ENSP00000216410,0
51550,ENSP00000340684,0
1117,ENSP00000324804,1
55245,ENSP00000261514,0
5775,ENSP00000280155,1
291,ENSP00000251810,0
35370,ENSP00000357651,0
4624,ENSP00000314649,0
11626560,ENSP00000357066,0
431328,ENSP00000260447,0
11301,ENSP00000375730,0
114999,ENSP00000372023,0
23925,ENSP00000335261,1
123679,ENSP00000349078,0
3559,ENSP00000316244,1
9395,ENSP00000342560,0
6450551,ENSP00000257290,1
3918,ENSP00000234961,1
5202,ENSP00000399168,0
4631,ENSP00000343782,1
23931,ENSP00000285379,1
3715,ENSP00000354612,1
54671203,ENSP00000360317,0
3086686,ENSP00000312735,0
5282280,ENSP00000332659,1
5202,ENSP00000451605,1
4098,ENSP00000262545,0
60825,ENSP00000273062,0
637542,ENSP00000311572,1
6834,ENSP00000266970,0
5210,ENSP00000414334,0
5281707,ENSP00000230671,0
1205,ENSP00000324856,0
3517,ENSP00000355930,0
123878,ENSP00000234961,1
2120,ENSP00000221859,0
3648,ENSP00000380514,0
3517,ENSP00000164139,0
114892,ENSP00000298556,0
74989,ENSP00000344220,0
5486684,ENSP00000286301,0
123015,ENSP00000318077,0
4635,ENSP00000253792,0
4782,ENSP00000269466,0
3603,ENSP00000319984,1
4624,ENSP00000379680,0
5512,ENSP00000367102,0
596,ENSP00000344220,0
6918365,ENSP00000265016,0
1204,ENSP00000299565,1
23994,ENSP00000361021,1
9824,ENSP00000360372,0
15209,ENSP00000275525,0
3339,ENSP00000270776,0
441300,ENSP00000275525,0
637542,ENSP00000333568,0
698,ENSP00000332771,0
3964,ENSP00000302441,0
1978,ENSP00000355930,0
191,ENSP00000257254,1
10140,ENSP00000232607,0
3086686,ENSP00000336630,0
26879,ENSP00000367959,0
999,ENSP00000321656,0
71301,ENSP00000269385,0
6623,ENSP00000363812,1
122024,ENSP00000277120,0
5578,ENSP00000368552,0
8230,ENSP00000338072,1
392622,ENSP00000345023,0
439260,ENSP00000241256,1
774,ENSP00000306662,1
119461,ENSP00000385746,0
3547,ENSP00000446743,0
6279,ENSP00000386029,0
44404987,ENSP00000323036,0
55482,ENSP00000466799,0
6450551,ENSP00000361423,1
104842,ENSP00000361965,0
5408,ENSP00000321821,1
5311304,ENSP00000234961,1
2249,ENSP00000234454,0
5568,ENSP00000324806,0
178103,ENSP00000392709,0
179837,ENSP00000311876,0
5523,ENSP00000010404,0
443408,ENSP00000209668,0
5329102,ENSP00000286301,1
838,ENSP00000305372,1
5284570,ENSP00000322450,0
26644,ENSP00000394624,1
446220,ENSP00000301634,0
59693,ENSP00000339867,0
1065,ENSP00000363512,0
2761,ENSP00000332887,0
6726,ENSP00000360645,0
9865515,ENSP00000296861,0
3086686,ENSP00000346148,1
5568,ENSP00000328777,0
3869,ENSP00000280155,1
6468,ENSP00000321656,0
784,ENSP00000312326,1
71120,ENSP00000254663,0
4900,ENSP00000417980,0
9933475,ENSP00000244137,0
4624,ENSP00000357066,0
44668,ENSP00000319501,0
5567,ENSP00000384490,0
3337,ENSP00000308549,0
5524,ENSP00000273064,0
65110,ENSP00000329093,0
5361092,ENSP00000320247,0
3413,ENSP00000360141,1
5376,ENSP00000267615,0
593,ENSP00000384296,0
1051,ENSP00000332369,1
1983,ENSP00000280701,0
774,ENSP00000307445,1
18794,ENSP00000262352,0
4261,ENSP00000340684,0
6037,ENSP00000396308,1
311,ENSP00000299518,1
6834,ENSP00000299565,0
5426,ENSP00000231948,1
5283454,ENSP00000354612,0
2973,ENSP00000342385,0
5593,ENSP00000255380,1
123696,ENSP00000416293,0
9642,ENSP00000259271,0
5076,ENSP00000265724,1
643976,ENSP00000297494,1
3081361,ENSP00000378295,0
6918365,ENSP00000303522,1
4261,ENSP00000333982,0
122024,ENSP00000368645,0
4536,ENSP00000347754,0
1548886,ENSP00000278742,0
3450,ENSP00000319984,1
3394,ENSP00000277865,0
192314,ENSP00000353720,0
3916,ENSP00000369960,1
19143,ENSP00000392411,0
9933475,ENSP00000373700,0
5757,ENSP00000226444,1
192314,ENSP00000351410,0
39042,ENSP00000310928,1
5480230,ENSP00000354387,0
25197,ENSP00000178638,0
3602,ENSP00000363397,0
4920,ENSP00000333534,0
2725,ENSP00000295256,0
2687,ENSP00000305372,1
122024,ENSP00000267845,0
644073,ENSP00000327251,0
3290,ENSP00000314151,0
4885,ENSP00000258400,1
158,ENSP00000307445,1
2548,ENSP00000367309,0
6089,ENSP00000327255,0
9933475,ENSP00000381740,0
1219,ENSP00000353720,0
107971,ENSP00000284440,0
5163,ENSP00000258400,1
1148,ENSP00000228476,1
5284596,ENSP00000261900,0
6918638,ENSP00000362649,1
10100,ENSP00000261900,0
5311304,ENSP00000367102,0
3154,ENSP00000257904,0
26879,ENSP00000306606,0
4011,ENSP00000255380,1
5311,ENSP00000238018,0
7370,ENSP00000285379,1
5281969,ENSP00000181383,0
4184,ENSP00000313420,0
439260,ENSP00000234371,1
1065,ENSP00000358595,0
5287969,ENSP00000357907,1
5311037,ENSP00000319984,0
3446,ENSP00000322991,1
4811,ENSP00000234310,0
6918537,ENSP00000261755,0
54746,ENSP00000333994,0
2094,ENSP00000356853,0
115146,ENSP00000281806,0
6426631,ENSP00000338072,0
4533,ENSP00000234961,1
54454,ENSP00000359899,0
2487,ENSP00000234961,1
5284549,ENSP00000345659,1
47936,ENSP00000360141,1
1614,ENSP00000335357,0
8646,ENSP00000308938,0
7019,ENSP00000350425,0
6741,ENSP00000356425,0
26644,ENSP00000368066,0
3463,ENSP00000260682,1
4536,ENSP00000302811,0
838,ENSP00000386069,1
1117,ENSP00000318585,1
312,ENSP00000261890,1
60961,ENSP00000305372,1
3086686,ENSP00000347942,1
298,ENSP00000249016,1
445154,ENSP00000301974,0
4011,ENSP00000321070,0
312,ENSP00000364898,1
444732,ENSP00000378306,0
439260,ENSP00000303686,1
5329102,ENSP00000301178,1
2118,ENSP00000301071,0
23994,ENSP00000223129,1
2435,ENSP00000353452,0
2987,ENSP00000260447,0
1986,ENSP00000367608,1
121963,ENSP00000328835,0
92100,ENSP00000300093,0
449459,ENSP00000395473,0
2169,ENSP00000364475,0
312,ENSP00000364709,1
2803,ENSP00000366506,1
3404,ENSP00000218721,0
312,ENSP00000217244,1
3343,ENSP00000305372,1
3682,ENSP00000367615,0
3676,ENSP00000295897,1
4993,ENSP00000396308,1
11597571,ENSP00000362361,0
445354,ENSP00000360519,1
19861,ENSP00000244137,0
72430,ENSP00000276651,0
5311,ENSP00000302967,1
5512,ENSP00000367959,0
838,ENSP00000353915,1
4253,ENSP00000367959,1
2689,ENSP00000258400,1
3639,ENSP00000285379,1
10100,ENSP00000216392,0
9270,ENSP00000349467,0
6623,ENSP00000435412,0
60472,ENSP00000360608,0
4920,ENSP00000275216,0
3000,ENSP00000351682,0
596,ENSP00000351755,0
60612,ENSP00000288699,0
6623,ENSP00000348944,0
5311304,ENSP00000331201,0
4666,ENSP00000267377,0
2419,ENSP00000307241,0
5361092,ENSP00000376176,0
3981,ENSP00000287907,1
4992,ENSP00000364831,0
2807,ENSP00000324648,0
2689,ENSP00000337915,0
5514,ENSP00000306606,0
5095,ENSP00000354859,1
5074,ENSP00000365160,0
5011,ENSP00000367545,0
4042,ENSP00000253799,0
178103,ENSP00000315011,1
5790,ENSP00000292427,0
5376,ENSP00000306606,0
1978,ENSP00000230671,0
5959,ENSP00000394624,1
5530,ENSP00000360372,1
6291,ENSP00000362481,0
1117,ENSP00000258145,1
5282054,ENSP00000312663,0
4900,ENSP00000337746,0
85,ENSP00000209929,0
447700,ENSP00000211122,0
4865,ENSP00000248437,1
6505803,ENSP00000261799,0
2807,ENSP00000209929,0
1541,ENSP00000281806,1
122316,ENSP00000370938,0
1117,ENSP00000234590,1
2687,ENSP00000356713,0
941651,ENSP00000369456,0
27400,ENSP00000367959,1
24267,ENSP00000164139,1
6468,ENSP00000370213,0
1548886,ENSP00000360519,0
312,ENSP00000269980,1
2169,ENSP00000358301,1
2165,ENSP00000295256,0
5281708,ENSP00000347717,0
155346,ENSP00000254663,0
643976,ENSP00000311032,0
72271,ENSP00000276651,0
89594,ENSP00000305692,0
5870,ENSP00000416293,0
3081361,ENSP00000349003,0
6918638,ENSP00000309504,0
5310960,ENSP00000337746,0
702,ENSP00000359532,0
5610,ENSP00000277942,0
54746,ENSP00000428426,0
5568,ENSP00000367959,1
5487,ENSP00000301891,0
222528,ENSP00000371138,0
60769,ENSP00000240139,0
3394,ENSP00000264193,0
5282054,ENSP00000364709,0
6230,ENSP00000344818,0
4946,ENSP00000316244,1
34359,ENSP00000306866,0
4114,ENSP00000371929,0
5587,ENSP00000265164,0
5775,ENSP00000306662,1
774,ENSP00000307766,1
104741,ENSP00000343925,1
1893,ENSP00000233627,0
4595,ENSP00000322450,0
2332,ENSP00000306390,1
2771,ENSP00000258385,0
439176,ENSP00000261900,0
108094,ENSP00000318868,0
667490,ENSP00000265052,0
5329098,ENSP00000263923,1
3762,ENSP00000216951,0
10133,ENSP00000299565,0
151165,ENSP00000369816,0
5362436,ENSP00000310701,0
5281605,ENSP00000356591,0
132624,ENSP00000217426,0
6324663,ENSP00000290349,0
5186,ENSP00000355046,0
148211,ENSP00000287820,0
2215,ENSP00000306662,1
151069,ENSP00000261799,0
1688,ENSP00000261326,0
24267,ENSP00000327251,0
71739,ENSP00000328777,0
1051,ENSP00000365773,1
252716,ENSP00000446743,0
312,ENSP00000362773,1
5358,ENSP00000222382,0
5894,ENSP00000303423,0
3155,ENSP00000273550,0
3883,ENSP00000355920,0
107807,ENSP00000379839,0
1117,ENSP00000343925,1
4106,ENSP00000343190,0
4919,ENSP00000297792,0
596,ENSP00000252996,0
5770,ENSP00000272928,0
5376,ENSP00000358223,0
5282054,ENSP00000319501,0
132624,ENSP00000262352,0
72430,ENSP00000279247,1
178013,ENSP00000377947,0
4635,ENSP00000358327,0
68740,ENSP00000349078,1
4926,ENSP00000276373,0
23930,ENSP00000225577,1
637542,ENSP00000356070,0
37464,ENSP00000212015,0
3954,ENSP00000367959,1
838,ENSP00000307445,1
177236,ENSP00000288135,0
3382,ENSP00000231509,1
5095,ENSP00000367959,1
1615,ENSP00000258400,1
5362129,ENSP00000343204,0
951,ENSP00000307445,1
107971,ENSP00000346577,0
9875401,ENSP00000364709,1
4184,ENSP00000289753,1
198792,ENSP00000297988,0
4419,ENSP00000337332,0
1983,ENSP00000164139,0
6422124,ENSP00000354387,0
59693,ENSP00000410732,0
10096344,ENSP00000320709,0
1405,ENSP00000355930,0
1117,ENSP00000354554,0
192314,ENSP00000309504,0
4629,ENSP00000261208,0
2812,ENSP00000267549,0
1117,ENSP00000342235,1
1440,ENSP00000216410,0
25077992,ENSP00000358511,0
4477,ENSP00000216911,0
23994,ENSP00000206249,1
311,ENSP00000324806,1
47811,ENSP00000332816,0
4055,ENSP00000428982,0
1541,ENSP00000308549,1
312,ENSP00000263621,0
312,ENSP00000360991,1
114903,ENSP00000250971,0
107778,ENSP00000305692,0
191,ENSP00000308549,1
5202,ENSP00000267549,1
2524,ENSP00000447173,1
3308,ENSP00000377947,0
3168,ENSP00000296411,0
2708,ENSP00000414334,0
2685,ENSP00000409378,0
16133831,ENSP00000206249,0
951,ENSP00000243911,1
5090,ENSP00000356438,1
5329102,ENSP00000386456,1
2771,ENSP00000263126,0
191,ENSP00000293897,1
5282381,ENSP00000297785,0
457954,ENSP00000364212,0
10836,ENSP00000386069,1
5251896,ENSP00000353731,1
951,ENSP00000292301,1
5959,ENSP00000323867,0
444008,ENSP00000348918,0
5186,ENSP00000256906,0
4639,ENSP00000391826,0
200,ENSP00000364475,1
3827,ENSP00000346001,0
444795,ENSP00000287820,1
9880,ENSP00000273588,0
440120,ENSP00000282841,0
19861,ENSP00000304414,0
2244,ENSP00000346160,0
4976,ENSP00000387536,0
1117,ENSP00000362115,1
5330286,ENSP00000333534,0
71301,ENSP00000410732,0
5487,ENSP00000310071,0
3222,ENSP00000351957,0
11804285,ENSP00000263774,0
59693,ENSP00000301891,0
311,ENSP00000285930,1
5462134,ENSP00000359151,0
4419,ENSP00000265572,1
9878,ENSP00000301645,0
6279,ENSP00000352222,0
443408,ENSP00000229447,0
5329102,ENSP00000261799,1
312,ENSP00000349687,1
43815,ENSP00000255380,1
447700,ENSP00000305480,0
6505803,ENSP00000342235,0
774,ENSP00000336630,1
424,ENSP00000262352,1
5515,ENSP00000303575,0
123686,ENSP00000331897,0
24360,ENSP00000328835,1
252716,ENSP00000296411,0
750,ENSP00000181383,1
5281888,ENSP00000315011,0
2687,ENSP00000350256,0
5202,ENSP00000280155,1
5538,ENSP00000299529,1
3657,ENSP00000285379,1
5097,ENSP00000299964,0
5743,ENSP00000312735,0
104787,ENSP00000273550,0
2051,ENSP00000061240,0
1935,ENSP00000312286,0
4189,ENSP00000380247,0
5078,ENSP00000322924,1
23930,ENSP00000367545,0
3603,ENSP00000333568,0
4485,ENSP00000343925,0
941651,ENSP00000399168,0
104973,ENSP00000238018,0
26644,ENSP00000306606,0
2909,ENSP00000354728,0
5472495,ENSP00000377947,0
3153,ENSP00000316339,0
5287844,ENSP00000258400,0
951,ENSP00000366506,1
441300,ENSP00000218516,0
2419,ENSP00000253799,0
4745,ENSP00000164139,0
3648,ENSP00000364831,0
3918,ENSP00000332887,0
2162,ENSP00000288139,1
801,ENSP00000231487,1
4020,ENSP00000308032,0
3397,ENSP00000358223,0
5589,ENSP00000360991,0
60769,ENSP00000353770,0
3749,ENSP00000273430,1
2803,ENSP00000324806,0
2687,ENSP00000304501,0
149,ENSP00000249016,0
155346,ENSP00000265294,0
5029,ENSP00000273062,1
55245,ENSP00000289753,0
45272686,ENSP00000359285,1
8646,ENSP00000233627,0
5472,ENSP00000267568,0
5350,ENSP00000265689,0
4192,ENSP00000328708,0
4112,ENSP00000254488,0
3585,ENSP00000319984,1
2685,ENSP00000355930,0
5287844,ENSP00000350941,1
9832383,ENSP00000011292,0
10267,ENSP00000318077,0
5381,ENSP00000318868,0
5363,ENSP00000353791,0
23994,ENSP00000216160,1
53232,ENSP00000250378,0
216326,ENSP00000231948,1
2818,ENSP00000354859,1
1117,ENSP00000347495,1
170361,ENSP00000276410,1
3062,ENSP00000216194,0
3883,ENSP00000355086,0
6047,ENSP00000293860,0
5581,ENSP00000294973,0
3675,ENSP00000354876,0
4691,ENSP00000306490,1
5588,ENSP00000355930,0
59693,ENSP00000287907,0
3158,ENSP00000409378,1
72430,ENSP00000003100,0
387316,ENSP00000267615,0
216235,ENSP00000245552,0
4108,ENSP00000337949,0
1355,ENSP00000339740,0
119058,ENSP00000309565,1
446512,ENSP00000324804,1
961,ENSP00000258168,1
104787,ENSP00000330237,0
4980,ENSP00000254719,0
1688,ENSP00000348911,0
5470,ENSP00000322909,0
92100,ENSP00000324270,0
5282280,ENSP00000257254,1
3602,ENSP00000273430,0
3869,ENSP00000366482,0
122296,ENSP00000219240,0
60719,ENSP00000303424,0
774,ENSP00000256906,1
191,ENSP00000286621,1
5287620,ENSP00000272102,1
5610,ENSP00000287907,0
4036,ENSP00000277942,0
667467,ENSP00000360687,0
314,ENSP00000338072,0
16129682,ENSP00000229239,0
5311018,ENSP00000265572,1
126941,ENSP00000376177,0
9815499,ENSP00000255380,0
312,ENSP00000356480,1
5329102,ENSP00000431418,1
564,ENSP00000337733,0
450,ENSP00000206249,1
3000,ENSP00000260443,0
1798,ENSP00000345659,1
23925,ENSP00000371138,1
4673492,ENSP00000273430,1
60809,ENSP00000258400,1
4122,ENSP00000262033,0
784,ENSP00000360519,0
312,ENSP00000352584,1
657378,ENSP00000320147,0
5097,ENSP00000347979,0
191,ENSP00000350198,1
450,ENSP00000321988,1
5645,ENSP00000303775,0
3410,ENSP00000305372,1
1917,ENSP00000294973,0
838,ENSP00000256906,1
4993,ENSP00000336630,0
1117,ENSP00000314649,1
24267,ENSP00000340330,0
4055,ENSP00000363832,1
158,ENSP00000386069,1
4536,ENSP00000306390,0
312,ENSP00000252945,1
312,ENSP00000379839,1
4920,ENSP00000343925,1
4993,ENSP00000354859,0
3086685,ENSP00000378920,0
9395,ENSP00000396308,0
5329102,ENSP00000346148,1
4402,ENSP00000308549,1
4055,ENSP00000420269,0
65076,ENSP00000231948,0
122220,ENSP00000005178,0
15897,ENSP00000287907,0
4106,ENSP00000321821,0
4673492,ENSP00000254227,0
54586,ENSP00000322909,0
1117,ENSP00000263621,1
942,ENSP00000315602,1
26721,ENSP00000260227,0
5526,ENSP00000364709,0
1117,ENSP00000216911,1
5572,ENSP00000285930,0
4098,ENSP00000267101,0
5035,ENSP00000368727,1
3957,ENSP00000346160,0
312,ENSP00000364486,1
4991,ENSP00000234961,0
4296,ENSP00000000233,0
4894,ENSP00000234454,0
3615,ENSP00000383840,0
5324345,ENSP00000266971,0
5330286,ENSP00000341189,0
2267,ENSP00000373700,0
19,ENSP00000451560,0
44404987,ENSP00000318355,0
3350,ENSP00000308549,0
74989,ENSP00000309565,0
6437849,ENSP00000373884,0
5381226,ENSP00000378295,0
4691,ENSP00000335592,0
5283731,ENSP00000275216,0
11804285,ENSP00000296861,0
3394,ENSP00000319730,0
3008,ENSP00000311291,0
312145,ENSP00000377914,0
312,ENSP00000322788,1
5691,ENSP00000313420,1
6917908,ENSP00000233627,0
718,ENSP00000252945,0
4771,ENSP00000241261,0
4192,ENSP00000338072,0
1117,ENSP00000356920,1
4920,ENSP00000265016,0
5251896,ENSP00000310935,0
1893,ENSP00000335084,0
1798,ENSP00000353915,0
5497186,ENSP00000343027,0
5572,ENSP00000354652,0
4911,ENSP00000362649,0
2419,ENSP00000308032,0
1893,ENSP00000367934,0
5610,ENSP00000266659,0
216326,ENSP00000377083,0
31307,ENSP00000351706,0
447700,ENSP00000331201,0
1071,ENSP00000346827,0
166558,ENSP00000356591,1
2462,ENSP00000417214,0
3915,ENSP00000289004,0
2689,ENSP00000409378,0
2914,ENSP00000348911,0
5497186,ENSP00000345771,0
5202,ENSP00000308549,1
5284549,ENSP00000314649,0
10635,ENSP00000451560,0
91605,ENSP00000285930,1
5281708,ENSP00000384400,0
5137129,ENSP00000348897,0
9966051,ENSP00000254066,0
60852,ENSP00000328173,0
26644,ENSP00000356425,0
750,ENSP00000358727,0
3337,ENSP00000364486,0
593,ENSP00000368645,1
5284596,ENSP00000290349,0
4419,ENSP00000307900,0
152945,ENSP00000242375,0
4036,ENSP00000324270,0
5544,ENSP00000231509,1
5761,ENSP00000322909,0
85,ENSP00000252519,0
444732,ENSP00000354193,0
5572,ENSP00000380252,0
23994,ENSP00000357981,1
1117,ENSP00000354280,1
5578,ENSP00000298910,0
942,ENSP00000357986,0
2267,ENSP00000371929,0
312145,ENSP00000313420,1
2160,ENSP00000306662,1
4189,ENSP00000362463,0
5527,ENSP00000428426,0
134018,ENSP00000299518,0
4534,ENSP00000251535,1
60809,ENSP00000289753,1
3255,ENSP00000371067,0
5702160,ENSP00000285900,0
951,ENSP00000369643,1
718,ENSP00000297261,0
5587,ENSP00000348461,0
5330286,ENSP00000344220,0
4423,ENSP00000378306,0
3155,ENSP00000280154,0
148211,ENSP00000331736,0
4932,ENSP00000278412,0
3285,ENSP00000304414,0
750,ENSP00000225371,0
2477,ENSP00000367959,1
54454,ENSP00000227378,0
2487,ENSP00000305974,0
1541,ENSP00000332591,1
8230,ENSP00000369100,0
3108,ENSP00000363832,0
5656,ENSP00000273064,0
4168,ENSP00000311165,0
1080,ENSP00000381607,1
3954,ENSP00000324806,0
2169,ENSP00000368226,0
4296,ENSP00000367959,1
5486684,ENSP00000265294,0
4477,ENSP00000331602,0
3957,ENSP00000234961,0
1440,ENSP00000256958,0
4782,ENSP00000267377,0
1117,ENSP00000353904,1
298,ENSP00000358783,1
1117,ENSP00000223366,1
158,ENSP00000292513,1
3405,ENSP00000338072,0
755,ENSP00000354677,0
312,ENSP00000261349,1
5454,ENSP00000237858,0
441314,ENSP00000350491,0
24466,ENSP00000323071,0
4624,ENSP00000287820,0
5210,ENSP00000357067,0
3158,ENSP00000265113,0
5281605,ENSP00000251535,1
60961,ENSP00000441600,1
4768,ENSP00000275300,1
961,ENSP00000353770,1
1240,ENSP00000280700,0
5076,ENSP00000222982,1
5287844,ENSP00000363115,1
838,ENSP00000257254,1
15,ENSP00000343190,0
996,ENSP00000255380,0
702,ENSP00000296412,1
5186,ENSP00000276410,0
23994,ENSP00000302967,1
961,ENSP00000262340,1
156391,ENSP00000356438,1
5562,ENSP00000342070,0
5486827,ENSP00000386284,0
3295,ENSP00000276373,0
178103,ENSP00000308938,0
13109,ENSP00000337332,0
637542,ENSP00000005178,0
23931,ENSP00000314508,0
3449,ENSP00000260118,0
72430,ENSP00000381412,0
1117,ENSP00000264381,1
5514,ENSP00000364486,0
951,ENSP00000309591,0
4236,ENSP00000428426,0
74989,ENSP00000406157,0
5139,ENSP00000341189,0
71301,ENSP00000367959,0
3081361,ENSP00000371138,0
4004,ENSP00000302811,1
4122,ENSP00000301071,1
7054,ENSP00000367309,1
6834,ENSP00000319984,1
4908,ENSP00000321845,0
1117,ENSP00000219070,1
1405,ENSP00000359685,0
2807,ENSP00000368226,0
72430,ENSP00000303775,0
28417,ENSP00000206249,1
1986,ENSP00000318912,1
6917908,ENSP00000276373,0
2160,ENSP00000316244,1
5311010,ENSP00000280551,0
3964,ENSP00000176183,1
4419,ENSP00000297792,0
92411,ENSP00000312326,0
54369,ENSP00000307900,0
9933475,ENSP00000256443,0
3086671,ENSP00000303423,0
6230,ENSP00000337761,0
122220,ENSP00000229416,0
123696,ENSP00000356037,0
4528,ENSP00000310219,0
6013,ENSP00000321821,1
5287844,ENSP00000216911,1
72430,ENSP00000264657,0
656629,ENSP00000266376,0
643976,ENSP00000263368,1
2689,ENSP00000361275,0
65064,ENSP00000378295,0
25075996,ENSP00000265572,1
1117,ENSP00000226279,1
59693,ENSP00000368439,0
8758,ENSP00000362674,0
3547,ENSP00000257290,0
440120,ENSP00000362576,0
6040,ENSP00000320503,0
4673492,ENSP00000360939,0
54369,ENSP00000361275,0
4036,ENSP00000325312,0
216239,ENSP00000350941,1
71246,ENSP00000308032,0
312,ENSP00000383042,1
213023,ENSP00000361405,0
3682,ENSP00000384400,0
4168,ENSP00000220584,0
1117,ENSP00000373918,1
171548,ENSP00000284562,0
54562,ENSP00000267101,0
2995,ENSP00000275300,1
5691,ENSP00000256443,0
54562,ENSP00000354859,1
4980,ENSP00000377969,0
5282280,ENSP00000394624,1
5287969,ENSP00000258168,0
5462134,ENSP00000308720,0
59768,ENSP00000261465,0
3295,ENSP00000377083,0
13342,ENSP00000447173,0
838,ENSP00000292301,1
4528,ENSP00000316121,0
26721,ENSP00000221859,0
60961,ENSP00000281806,1
2116,ENSP00000302967,0
122316,ENSP00000305692,0
392622,ENSP00000260682,1
5287844,ENSP00000386069,0
5514,ENSP00000285379,1
16133831,ENSP00000335511,0
16133798,ENSP00000216465,0
702,ENSP00000345502,1
4768,ENSP00000275525,0
951,ENSP00000330284,1
1117,ENSP00000300093,1
4236,ENSP00000270349,1
123015,ENSP00000301776,0
644077,ENSP00000338072,1
1971,ENSP00000420269,0
836,ENSP00000370254,0
19861,ENSP00000346671,0
57379345,ENSP00000261937,0
2726,ENSP00000316244,1
6047,ENSP00000363115,0
158,ENSP00000366506,1
119182,ENSP00000419027,0
5280723,ENSP00000344193,0
774,ENSP00000304501,1
178103,ENSP00000317985,0
1117,ENSP00000466799,1
424,ENSP00000256999,1
6675,ENSP00000360154,0
774,ENSP00000281806,1
4883,ENSP00000360939,0
4615,ENSP00000224356,0
314,ENSP00000307235,0
129211,ENSP00000000233,0
68848,ENSP00000316244,1
129806,ENSP00000300093,0
158,ENSP00000295101,0
107971,ENSP00000377721,0
2761,ENSP00000260118,0
108094,ENSP00000328835,0
16362,ENSP00000263800,0
2708,ENSP00000342385,0
4477,ENSP00000257254,0
3394,ENSP00000378191,0
3337,ENSP00000346671,0
4248,ENSP00000265572,0
5311304,ENSP00000361642,0
3086686,ENSP00000363115,1
5202,ENSP00000315011,1
40841,ENSP00000382021,0
4927,ENSP00000430269,0
191,ENSP00000267377,1
4106,ENSP00000332887,0
2239,ENSP00000359685,0
5959,ENSP00000316244,1
5486827,ENSP00000305480,0
68848,ENSP00000289753,1
65110,ENSP00000356410,0
951,ENSP00000363596,1
4248,ENSP00000273430,0
702,ENSP00000342070,1
5566,ENSP00000354859,1
3715,ENSP00000245457,1
6422124,ENSP00000368572,0
610,ENSP00000346001,0
3823,ENSP00000337915,1
3382,ENSP00000383840,0
23930,ENSP00000339933,1
3394,ENSP00000356438,1
3403,ENSP00000328835,0
937,ENSP00000317159,0
9824,ENSP00000380514,0
5281707,ENSP00000206249,1
3107,ENSP00000262584,0
951,ENSP00000292513,1
6037,ENSP00000272298,0
119607,ENSP00000254066,0
158,ENSP00000303686,1
2200,ENSP00000267814,0
6505803,ENSP00000361423,0
4493,ENSP00000349003,0
4098,ENSP00000265512,0
1117,ENSP00000358327,1
2512,ENSP00000369100,0
937,ENSP00000401508,1
2375,ENSP00000261835,1
3671,ENSP00000359991,0
1117,ENSP00000011653,1
890,ENSP00000382021,0
31703,ENSP00000309148,0
3062,ENSP00000309741,1
3219,ENSP00000308024,0
5278,ENSP00000269571,0
5284603,ENSP00000265572,1
2685,ENSP00000305372,1
2247,ENSP00000279247,0
314,ENSP00000308720,0
14985,ENSP00000216911,0
44668,ENSP00000272928,0
6918837,ENSP00000263182,0
54688,ENSP00000359211,0
5755,ENSP00000306390,0
439260,ENSP00000361141,1
5311037,ENSP00000356022,0
5472495,ENSP00000380247,0
89594,ENSP00000407546,1
4419,ENSP00000450560,0
3913,ENSP00000419027,0
5311080,ENSP00000370223,0
65110,ENSP00000360372,0
5464105,ENSP00000327255,0
3869,ENSP00000369960,1
2051,ENSP00000263923,0
71616,ENSP00000357066,0
4493,ENSP00000353915,0
2083,ENSP00000368552,0
5076,ENSP00000308750,0
698,ENSP00000303147,0
1979,ENSP00000319984,1
91605,ENSP00000318355,0
65243,ENSP00000326219,0
9832383,ENSP00000419027,0
657378,ENSP00000350785,1
9270,ENSP00000363216,0
5011,ENSP00000264668,0
2118,ENSP00000023897,1
9801640,ENSP00000406157,0
10096344,ENSP00000341551,0
13342,ENSP00000392709,0
5870,ENSP00000466799,1
4425,ENSP00000360541,0
4189,ENSP00000311469,0
2551,ENSP00000306490,1
8646,ENSP00000298472,0
5077,ENSP00000372023,0
23994,ENSP00000316121,1
4768,ENSP00000347979,0
71120,ENSP00000256999,1
6437849,ENSP00000288022,0
439260,ENSP00000272928,1
3985498,ENSP00000322788,0
5761,ENSP00000258400,1
4536,ENSP00000265052,0
176870,ENSP00000217244,0
5645,ENSP00000357835,0
838,ENSP00000366156,0
3845,ENSP00000368552,0
6037,ENSP00000332591,0
60961,ENSP00000413074,1
838,ENSP00000350198,1
1809,ENSP00000322617,0
5374,ENSP00000354859,1
104787,ENSP00000351682,0
71246,ENSP00000362353,0
1893,ENSP00000258168,0
104973,ENSP00000263182,0
114866,ENSP00000215832,1
444795,ENSP00000362674,0
3035905,ENSP00000353720,0
3008,ENSP00000335357,0
2462,ENSP00000244137,0
2116,ENSP00000356972,0
961,ENSP00000292823,0
158,ENSP00000362810,1
72271,ENSP00000321821,0
4542,ENSP00000325120,1
10267,ENSP00000339933,1
445354,ENSP00000262033,0
60490,ENSP00000363512,1
2088,ENSP00000253792,0
108156,ENSP00000336528,0
6675,ENSP00000267377,0
123878,ENSP00000362353,0
5775,ENSP00000231751,0
5466,ENSP00000442050,0
5202,ENSP00000218721,1
5022,ENSP00000336630,1
5284596,ENSP00000231751,0
2761,ENSP00000325425,0
5526,ENSP00000299766,0
5523,ENSP00000382021,0
5311037,ENSP00000250378,0
2487,ENSP00000265572,1
5324345,ENSP00000378323,0
1117,ENSP00000290597,1
42955,ENSP00000302846,1
9815499,ENSP00000216330,0
23994,ENSP00000286621,0
5755,ENSP00000231509,1
5202,ENSP00000366506,1
5284371,ENSP00000394624,1
5284549,ENSP00000285379,1
1548999,ENSP00000348234,0
4066,ENSP00000263967,0
158,ENSP00000358301,1
23994,ENSP00000368552,1
439302,ENSP00000279488,0
702,ENSP00000396308,1
1117,ENSP00000405573,1
3278,ENSP00000381607,1
2333,ENSP00000369816,0
5486827,ENSP00000267101,0
5567,ENSP00000343027,0
5078,ENSP00000353770,0
1117,ENSP00000324806,1
312,ENSP00000347979,1
1148,ENSP00000329093,1
9803852,ENSP00000252945,0
657378,ENSP00000227507,0
3397,ENSP00000296122,0
312,ENSP00000261465,1
838,ENSP00000291294,1
5454,ENSP00000367959,1
9799888,ENSP00000257068,0
5761,ENSP00000289753,1
3779,ENSP00000333534,0
6000,ENSP00000305302,0
3937,ENSP00000178638,0
838,ENSP00000280155,1
1117,ENSP00000285930,1
19910,ENSP00000325312,1
3918,ENSP00000223129,0
6437849,ENSP00000269385,0
5523,ENSP00000217270,0
2239,ENSP00000247970,0
23994,ENSP00000324806,1
5790,ENSP00000216951,0
5743,ENSP00000356958,1
3916,ENSP00000378408,0
444,ENSP00000272102,0
3154,ENSP00000178638,1
2088,ENSP00000311165,0
5374,ENSP00000363512,0
312,ENSP00000264914,1
5581,ENSP00000301891,0
4980,ENSP00000332530,0
26644,ENSP00000265572,1
5352,ENSP00000361423,0
4011,ENSP00000280155,1
2094,ENSP00000368727,1
7019,ENSP00000293860,0
6918638,ENSP00000241256,0
55283,ENSP00000308032,0
64627,ENSP00000286479,0
5770,ENSP00000408526,0
187,ENSP00000380247,1
5790,ENSP00000343204,0
5311010,ENSP00000223129,0
4020,ENSP00000359693,0
5005,ENSP00000264426,0
2563,ENSP00000289957,0
1050,ENSP00000332771,0
448537,ENSP00000386171,1
2564,ENSP00000304501,0
3155,ENSP00000257290,0
5408,ENSP00000369816,1
5284603,ENSP00000359151,0
2332,ENSP00000221742,0
4534,ENSP00000371236,0
1117,ENSP00000311469,1
4829,ENSP00000287820,1
3008,ENSP00000401508,0
2169,ENSP00000269159,0
6918638,ENSP00000295256,0
149,ENSP00000332659,0
2995,ENSP00000409378,1
5202,ENSP00000362810,1
312,ENSP00000275605,1
774,ENSP00000332659,1
200,ENSP00000430432,0
3682,ENSP00000275605,0
2803,ENSP00000371554,0
5533,ENSP00000302967,0
36811,ENSP00000265729,0
5310960,ENSP00000359211,0
2724385,ENSP00000258743,0
5656,ENSP00000270349,1
3957,ENSP00000264318,0
5485199,ENSP00000257904,0
951,ENSP00000302846,1
2534,ENSP00000284440,0
6426631,ENSP00000264381,0
5311067,ENSP00000362361,0
2162,ENSP00000351957,0
5203,ENSP00000270570,0
5278,ENSP00000320709,0
33624,ENSP00000287820,0
5743,ENSP00000356671,0
68844,ENSP00000360519,0
3168,ENSP00000354859,1
5280961,ENSP00000206249,1
3391,ENSP00000326219,0
1117,ENSP00000285379,1
439176,ENSP00000324648,0
2332,ENSP00000334145,1
1809,ENSP00000302111,0
3158,ENSP00000369960,1
951,ENSP00000277942,1
23994,ENSP00000361405,1
445643,ENSP00000349467,1
1983,ENSP00000356438,1
36811,ENSP00000305372,1
4542,ENSP00000299964,0
64627,ENSP00000217426,0
19910,ENSP00000352702,0
3559,ENSP00000358511,1
3382,ENSP00000261733,0
5040,ENSP00000280154,1
4160,ENSP00000215832,0
54746,ENSP00000316244,1
3962,ENSP00000224356,0
1548999,ENSP00000389414,0
15209,ENSP00000339933,0
446157,ENSP00000359899,0
4192,ENSP00000448059,0
311,ENSP00000369456,1
4425,ENSP00000306866,0
864,ENSP00000285930,1
5311304,ENSP00000265113,0
5329102,ENSP00000261937,1
3446,ENSP00000270139,0
68740,ENSP00000267377,0
104741,ENSP00000377549,0
5512,ENSP00000319730,0
2753,ENSP00000368066,0
2367,ENSP00000231509,1
6726,ENSP00000358301,0
6215,ENSP00000341551,0
5287844,ENSP00000347754,0
774,ENSP00000366416,1
4788,ENSP00000261349,0
4296,ENSP00000264047,0
2538,ENSP00000263464,0
4782,ENSP00000366506,0
5329098,ENSP00000234961,0
4179,ENSP00000311572,0
439260,ENSP00000353483,0
5726,ENSP00000357651,0
6433119,ENSP00000364709,1
3559,ENSP00000265724,1
4666,ENSP00000323036,0
5538,ENSP00000357204,1
15897,ENSP00000336630,0
151069,ENSP00000269980,0
65750,ENSP00000398632,0
445643,ENSP00000337915,1
3750,ENSP00000229239,0
5282280,ENSP00000336528,0
3964,ENSP00000280155,1
838,ENSP00000359532,1
3413,ENSP00000274192,0
5281071,ENSP00000305372,0
3238,ENSP00000359793,0
115146,ENSP00000349467,1
312,ENSP00000367615,1
1219,ENSP00000420269,0
170361,ENSP00000353791,0
4184,ENSP00000322924,1
4078,ENSP00000367959,1
4991,ENSP00000264381,1
5287844,ENSP00000286621,0
5381,ENSP00000323867,0
123679,ENSP00000262848,0
191,ENSP00000362361,1
121850,ENSP00000377947,0
57379345,ENSP00000263923,0
838,ENSP00000337949,1
4691,ENSP00000216117,0
3981,ENSP00000347717,0
134018,ENSP00000335357,0
439260,ENSP00000350256,1
3151,ENSP00000354859,1
1065,ENSP00000247970,0
4788,ENSP00000317159,0
1688,ENSP00000418001,0
4044,ENSP00000269571,0
107971,ENSP00000261733,1
312,ENSP00000265689,1
65110,ENSP00000419970,0
4095,ENSP00000444788,0
4992,ENSP00000222982,0
3016,ENSP00000335592,1
755,ENSP00000266682,0
3519,ENSP00000225740,0
6918638,ENSP00000360549,0
168572,ENSP00000234961,1
55283,ENSP00000339960,0
5538,ENSP00000254066,1
2826,ENSP00000349003,0
25075996,ENSP00000234961,1
961,ENSP00000232219,1
4984,ENSP00000364709,0
1821,ENSP00000330032,1
57537,ENSP00000232217,0
2120,ENSP00000335357,0
10280735,ENSP00000265294,0
151166,ENSP00000360773,0
4369359,ENSP00000296509,0
3403,ENSP00000450560,0
179837,ENSP00000444788,0
311,ENSP00000343027,1
5452,ENSP00000386069,1
100788,ENSP00000178638,0
1979,ENSP00000414334,0
23931,ENSP00000361405,0
3295,ENSP00000367608,1
2367,ENSP00000244051,0
191,ENSP00000265572,1
60852,ENSP00000339960,0
6013,ENSP00000265986,0
214,ENSP00000378306,0
3387,ENSP00000306512,0
2267,ENSP00000323511,0
5770,ENSP00000298472,1
151166,ENSP00000286301,0
5533,ENSP00000269385,0
107807,ENSP00000347689,0
176870,ENSP00000350941,1
3339,ENSP00000355330,0
3086686,ENSP00000298910,1
3826,ENSP00000234371,0
66414,ENSP00000275605,0
3598,ENSP00000258145,0
5352,ENSP00000289957,0
60842,ENSP00000355645,0
1117,ENSP00000360687,1
6918837,ENSP00000430432,1
2807,ENSP00000347495,0
679,ENSP00000301776,1
2719,ENSP00000311291,0
60809,ENSP00000288602,0
4430,ENSP00000368552,0
4991,ENSP00000260118,0
5281707,ENSP00000315011,0
100788,ENSP00000311165,0
5566,ENSP00000316244,1
3387,ENSP00000267845,0
5454,ENSP00000222382,0
5485199,ENSP00000394624,1
4192,ENSP00000335511,0
312,ENSP00000302150,1
3715,ENSP00000349003,1
5076,ENSP00000361423,0
3913,ENSP00000324124,0
54562,ENSP00000316244,1
71246,ENSP00000254976,0
18794,ENSP00000408526,0
5202,ENSP00000255262,1
446157,ENSP00000318355,0
71120,ENSP00000435412,0
119058,ENSP00000376611,0
4369359,ENSP00000360317,0
444020,ENSP00000360687,0
5362436,ENSP00000302486,0
3826,ENSP00000356070,0
5790,ENSP00000335084,0
5284595,ENSP00000265572,1
4920,ENSP00000164139,0
5329098,ENSP00000261937,1
1798,ENSP00000317842,0
191,ENSP00000281806,1
3255,ENSP00000245457,0
593,ENSP00000356853,1
55283,ENSP00000003100,1
2561,ENSP00000268251,0
1051,ENSP00000363205,1
441314,ENSP00000353915,0
187,ENSP00000264595,0
4036,ENSP00000269980,0
745,ENSP00000237858,1
3001055,ENSP00000332591,0
281,ENSP00000243911,0
312,ENSP00000234454,1
2662,ENSP00000219919,0
4829,ENSP00000310928,1
2725,ENSP00000287907,0
3086685,ENSP00000236959,0
4865,ENSP00000329858,0
3748,ENSP00000295101,0
679,ENSP00000370938,1
119058,ENSP00000364649,1
4423,ENSP00000394624,1
312,ENSP00000363812,1
2094,ENSP00000225371,0
784,ENSP00000326219,0
5284604,ENSP00000340684,0
1117,ENSP00000361642,1
4100,ENSP00000296411,0
2818,ENSP00000010404,0
122186,ENSP00000222673,0
60842,ENSP00000362401,1
1117,ENSP00000342087,1
4908,ENSP00000278412,0
23930,ENSP00000344220,1
4585,ENSP00000367959,1
5466,ENSP00000385638,0
4993,ENSP00000306490,1
122296,ENSP00000359285,0
4106,ENSP00000383042,0
9934,ENSP00000296412,0
4636,ENSP00000280155,1
60472,ENSP00000264595,0
9799888,ENSP00000360968,0
158,ENSP00000308549,1
2419,ENSP00000216330,0
448537,ENSP00000218721,0
4673492,ENSP00000362608,0
4889,ENSP00000346160,0
3155,ENSP00000255380,1
5567,ENSP00000211122,0
2499,ENSP00000250699,0
610,ENSP00000304408,0
33036,ENSP00000331201,0
4534,ENSP00000264382,0
149,ENSP00000345659,0
4691,ENSP00000409378,1
3017,ENSP00000339001,0
2662,ENSP00000343204,0
170361,ENSP00000357461,1
3154,ENSP00000235835,0
4894,ENSP00000430432,0
3823,ENSP00000408860,1
4106,ENSP00000289753,1
314,ENSP00000361642,1
5012,ENSP00000302486,0
9826744,ENSP00000347942,0
9865515,ENSP00000333982,0
19143,ENSP00000263035,0
2689,ENSP00000294973,0
6089,ENSP00000384273,0
51550,ENSP00000381333,0
5374,ENSP00000310219,0
444732,ENSP00000362649,1
5358,ENSP00000367959,1
5470,ENSP00000206249,1
4673492,ENSP00000362344,0
5408,ENSP00000360991,1
71739,ENSP00000367608,0
9576912,ENSP00000308032,0
312,ENSP00000261514,1
2239,ENSP00000408860,0
65889,ENSP00000271450,0
5329098,ENSP00000299518,0
4980,ENSP00000435412,0
774,ENSP00000394624,1
446512,ENSP00000263368,0
2735,ENSP00000340330,0
4248,ENSP00000360317,1
6918537,ENSP00000232217,0
1440,ENSP00000303423,0
92100,ENSP00000334592,0
5011,ENSP00000258400,1
2909,ENSP00000318077,0
4976,ENSP00000365160,0
10096344,ENSP00000320043,0
2662,ENSP00000367102,0
3339,ENSP00000419027,0
1440,ENSP00000353904,0
3081361,ENSP00000302486,0
951,ENSP00000270349,1
107688,ENSP00000381333,0
2550,ENSP00000265689,0
5304,ENSP00000260227,0
3869,ENSP00000358301,1
5959,ENSP00000357651,0
3033538,ENSP00000279488,0
10836,ENSP00000280155,1
12560,ENSP00000345771,0
4782,ENSP00000275216,0
10133,ENSP00000322924,0
4900,ENSP00000333568,0
55482,ENSP00000354813,0
2249,ENSP00000309649,0
9815499,ENSP00000327268,0
3883,ENSP00000307900,0
2375,ENSP00000301729,0
951,ENSP00000308549,1
392622,ENSP00000231509,0
643976,ENSP00000203407,1
784,ENSP00000351755,0
6437849,ENSP00000267085,0
71307,ENSP00000367309,1
1541,ENSP00000299518,0
291,ENSP00000216911,0
5284596,ENSP00000203407,0
4788,ENSP00000341658,0
1080,ENSP00000245960,0
25201794,ENSP00000235521,0
4042,ENSP00000329858,0
72968,ENSP00000265715,0
6054,ENSP00000275216,1
750,ENSP00000257290,0
65076,ENSP00000384400,0
1614,ENSP00000264818,0
26757,ENSP00000363092,0
2512,ENSP00000257068,0
1117,ENSP00000340523,1
5281004,ENSP00000351035,0
213023,ENSP00000380247,0
5662,ENSP00000331897,0
2156,ENSP00000349078,0
3086686,ENSP00000277120,1
4629,ENSP00000010404,0
2802,ENSP00000342056,0
4078,ENSP00000289753,1
4585,ENSP00000350911,0
1349907,ENSP00000350256,0
5588,ENSP00000327255,0
23932,ENSP00000220809,0
122187,ENSP00000263967,0
23994,ENSP00000371138,1
444020,ENSP00000308024,0
5284570,ENSP00000359991,0
3937,ENSP00000222002,0
5568,ENSP00000371236,0
129211,ENSP00000274793,0
1893,ENSP00000327251,1
122296,ENSP00000364709,1
5329099,ENSP00000245206,0
4630,ENSP00000298556,0
4425,ENSP00000254227,0
4184,ENSP00000371138,0
158,ENSP00000350256,1
5755,ENSP00000376611,0
71307,ENSP00000252519,0
3337,ENSP00000280155,1
892,ENSP00000314508,1
39042,ENSP00000287820,1
5283454,ENSP00000222382,0
439260,ENSP00000324270,1
3241,ENSP00000273430,0
26644,ENSP00000250971,0
160355,ENSP00000258145,0
3255,ENSP00000292180,0
91605,ENSP00000402084,0
2995,ENSP00000264818,0
1541,ENSP00000358783,1
838,ENSP00000394624,1
23994,ENSP00000350941,1
1821,ENSP00000356953,0
1240,ENSP00000354859,1
36736,ENSP00000215587,0
3035905,ENSP00000280155,1
4829,ENSP00000385571,0
447700,ENSP00000178638,0
4095,ENSP00000362481,0
5310960,ENSP00000290354,0
25880656,ENSP00000299855,1
312,ENSP00000221859,0
23925,ENSP00000338018,1
5035,ENSP00000406220,0
4168,ENSP00000222673,0
596,ENSP00000292513,0
446157,ENSP00000356591,0
1983,ENSP00000346827,0
5589,ENSP00000359991,0
5078,ENSP00000316244,1
5959,ENSP00000287907,1
2563,ENSP00000264690,0
667467,ENSP00000341390,0
6918638,ENSP00000252996,0
5556,ENSP00000299267,1
191,ENSP00000255262,1
72968,ENSP00000371110,0
4595,ENSP00000251588,0
54562,ENSP00000368439,0
3559,ENSP00000337949,1
5454,ENSP00000386069,1
10607,ENSP00000262848,0
4078,ENSP00000326227,0
3603,ENSP00000361275,0
104858,ENSP00000280701,0
311,ENSP00000276373,0
51550,ENSP00000382021,0
2689,ENSP00000370254,0
4036,ENSP00000289004,0
5626,ENSP00000377947,0
26721,ENSP00000301146,0
3081361,ENSP00000262948,0
2714,ENSP00000337332,0
124087,ENSP00000371929,0
2724385,ENSP00000222382,0
4908,ENSP00000340330,0
5486827,ENSP00000296411,0
501390,ENSP00000301891,0
3559,ENSP00000369960,1
9904,ENSP00000349003,0
5203,ENSP00000359539,0
2561,ENSP00000216117,0
34231,ENSP00000361465,0
3916,ENSP00000386069,1
123015,ENSP00000225577,1
5462134,ENSP00000369038,0
44404987,ENSP00000337761,0
643976,ENSP00000228476,1
446220,ENSP00000274545,0
5202,ENSP00000281806,1
4196,ENSP00000345873,0
2826,ENSP00000306490,1
312,ENSP00000265593,1
3337,ENSP00000348944,0
5426,ENSP00000273430,0
3937,ENSP00000327246,0
107994,ENSP00000335511,0
1541,ENSP00000322924,1
216326,ENSP00000262306,0
2538,ENSP00000402084,0
9917021,ENSP00000309504,0
89594,ENSP00000353720,0
25197,ENSP00000359539,0
5251896,ENSP00000356438,0
1065,ENSP00000369050,1
2973,ENSP00000260118,0
2949,ENSP00000273062,0
5281037,ENSP00000361423,0
16197727,ENSP00000310219,0
23994,ENSP00000384273,1
5726,ENSP00000345774,0
23994,ENSP00000302111,1
130731,ENSP00000353904,0
2685,ENSP00000343782,1
2462,ENSP00000272102,0
200,ENSP00000295101,0
27400,ENSP00000354876,0
4184,ENSP00000337949,1
121963,ENSP00000303208,0
2118,ENSP00000309565,0
176870,ENSP00000361423,1
679,ENSP00000362608,1
3158,ENSP00000319984,1
72172,ENSP00000295640,1
311,ENSP00000264193,1
644073,ENSP00000300738,0
28417,ENSP00000251588,0
298,ENSP00000282841,0
9880,ENSP00000361465,0
33036,ENSP00000280155,0
65076,ENSP00000261523,1
4828,ENSP00000316244,1
129211,ENSP00000280701,0
107778,ENSP00000317159,0
3241,ENSP00000367102,0
2120,ENSP00000331602,0
1548886,ENSP00000303147,0
178103,ENSP00000282397,0
1051,ENSP00000260508,1
37464,ENSP00000339260,0
191,ENSP00000303424,1
657378,ENSP00000266659,0
564,ENSP00000250378,0
23994,ENSP00000364801,1
444008,ENSP00000348459,0
64715,ENSP00000358783,0
4108,ENSP00000251607,0
5959,ENSP00000292301,1
3598,ENSP00000286479,0
5775,ENSP00000386069,1
1117,ENSP00000231449,1
3081361,ENSP00000308176,1
24466,ENSP00000418447,0
55283,ENSP00000309148,0
951,ENSP00000306662,1
23925,ENSP00000448059,1
774,ENSP00000303424,1
4004,ENSP00000353483,0
5936,ENSP00000337450,0
3007,ENSP00000312326,0
7019,ENSP00000319814,0
892,ENSP00000267377,0
892,ENSP00000363832,0
4885,ENSP00000280155,1
104973,ENSP00000405965,0
54797,ENSP00000290866,1
60961,ENSP00000330284,1
2476,ENSP00000309845,0
5452,ENSP00000366506,1
10635,ENSP00000357067,0
3404,ENSP00000392859,0
3238,ENSP00000324740,0
679,ENSP00000318585,1
5568,ENSP00000265016,0
4160,ENSP00000302564,0
4771,ENSP00000381333,0
692,ENSP00000361021,0
1893,ENSP00000216330,0
129806,ENSP00000219313,0
160355,ENSP00000386069,0
107772,ENSP00000203407,0
5288826,ENSP00000222553,0
4011,ENSP00000354859,1
5281037,ENSP00000273430,1
439260,ENSP00000273430,1
5523,ENSP00000323867,0
2119,ENSP00000316244,1
178103,ENSP00000370526,0
38409,ENSP00000377549,0
60785,ENSP00000176183,1
3158,ENSP00000350941,0
596,ENSP00000234961,0
2771,ENSP00000358511,1
123878,ENSP00000302111,0
119058,ENSP00000209929,0
19143,ENSP00000333568,0
1229,ENSP00000309649,0
3715,ENSP00000393333,1
1935,ENSP00000353720,1
2405,ENSP00000305302,0
60490,ENSP00000419970,0
1614,ENSP00000364709,0
312,ENSP00000290349,1
1541,ENSP00000221742,0
16362,ENSP00000339740,0
64627,ENSP00000308549,1
838,ENSP00000335544,1
5284595,ENSP00000320147,0
158,ENSP00000361141,1
3158,ENSP00000256906,1
3547,ENSP00000260324,0
158,ENSP00000316244,1
5282381,ENSP00000331736,0
1117,ENSP00000318351,1
1614,ENSP00000351908,0
2419,ENSP00000358022,0
9966051,ENSP00000237858,0
37464,ENSP00000224356,0
4636,ENSP00000261465,0
5556,ENSP00000381412,0
439302,ENSP00000263967,0
1117,ENSP00000362649,1
444020,ENSP00000222553,0
119058,ENSP00000322788,0
4196,ENSP00000216330,0
23994,ENSP00000305714,1
5408,ENSP00000337915,1
16133831,ENSP00000295055,0
5011,ENSP00000325425,0
4636,ENSP00000339867,0
644077,ENSP00000325425,0
23930,ENSP00000012443,1
3682,ENSP00000280155,1
2756,ENSP00000299267,0
3168,ENSP00000334592,0
123015,ENSP00000372023,1
3916,ENSP00000466420,0
2169,ENSP00000369960,1
10140,ENSP00000363021,0
312,ENSP00000229135,1
6918365,ENSP00000369816,0
5470,ENSP00000310071,0
151165,ENSP00000331201,0
1117,ENSP00000328173,1
5755,ENSP00000392859,0
24360,ENSP00000304915,0
6917908,ENSP00000306866,0
291,ENSP00000310935,0
9849616,ENSP00000359685,0
5645,ENSP00000284562,0
4192,ENSP00000227378,0
54586,ENSP00000288699,0
16362,ENSP00000337915,1
5526,ENSP00000377947,0
5572,ENSP00000370129,0
3918,ENSP00000371554,0
5281071,ENSP00000309259,0
122033,ENSP00000303522,1
5865,ENSP00000298942,0
115146,ENSP00000307786,1
6834,ENSP00000380247,1
1204,ENSP00000258385,1
2247,ENSP00000355920,0
951,ENSP00000304501,1
54687,ENSP00000360991,0
445420,ENSP00000311291,0
119461,ENSP00000377311,0
3168,ENSP00000310935,0
4189,ENSP00000003100,1
312,ENSP00000318585,1
5076,ENSP00000324270,0
4296,ENSP00000362481,0
312,ENSP00000272190,1
60719,ENSP00000366416,0
3559,ENSP00000367959,1
5282280,ENSP00000255262,1
3446,ENSP00000262352,0
951,ENSP00000367959,1
5588,ENSP00000373884,0
191,ENSP00000413074,1
439260,ENSP00000256906,1
72172,ENSP00000262178,0
4160,ENSP00000276410,0
91736,ENSP00000364801,0
5359272,ENSP00000280701,0
4926,ENSP00000176183,1
4713,ENSP00000408526,0
745,ENSP00000311469,1
5284596,ENSP00000234961,1
3350,ENSP00000368552,0
5485199,ENSP00000377549,0
34359,ENSP00000260682,0
11626560,ENSP00000331746,0
4547,ENSP00000374467,1
5790,ENSP00000368226,0
216239,ENSP00000379839,0
4615,ENSP00000263025,0
450,ENSP00000369816,1
6623,ENSP00000343925,1
702,ENSP00000209668,1
2354,ENSP00000231509,0
28517,ENSP00000466799,0
1917,ENSP00000222002,0
3086686,ENSP00000297373,1
8230,ENSP00000381607,0
3033538,ENSP00000280155,1
1117,ENSP00000241337,1
6436,ENSP00000320043,0
15897,ENSP00000332659,0
312145,ENSP00000361275,1
114999,ENSP00000307445,1
26757,ENSP00000419027,0
312,ENSP00000378920,1
3883,ENSP00000357981,0
77992,ENSP00000318585,0
160355,ENSP00000266970,1
158795,ENSP00000354677,0
4624,ENSP00000299766,0
114999,ENSP00000254066,0
5512,ENSP00000275216,0
5544,ENSP00000311032,0
91605,ENSP00000368066,0
5381,ENSP00000367615,0
5186,ENSP00000275216,0
4428,ENSP00000354193,0
439260,ENSP00000358814,0
1117,ENSP00000296509,1
838,ENSP00000369643,1
961,ENSP00000365160,1
3363,ENSP00000339933,0
444732,ENSP00000308938,0
2548,ENSP00000349576,0
5567,ENSP00000235521,0
4595,ENSP00000347754,1
10140,ENSP00000346827,0
5076,ENSP00000266682,0
214,ENSP00000216160,0
312,ENSP00000242375,1
3682,ENSP00000360939,0
446512,ENSP00000335084,1
1065,ENSP00000355930,1
107772,ENSP00000312189,0
51577,ENSP00000326227,1
3386,ENSP00000209668,0
34359,ENSP00000305480,0
1089,ENSP00000322788,0
5284595,ENSP00000264498,0
5284371,ENSP00000359685,0
996,ENSP00000309591,1
178013,ENSP00000320247,0
3964,ENSP00000366506,1
3937,ENSP00000441600,0
5202,ENSP00000307445,1
92730,ENSP00000311165,0
5287844,ENSP00000346671,1
6468,ENSP00000324648,1
5324345,ENSP00000261835,1
1117,ENSP00000353483,1
3086686,ENSP00000431418,1
3043,ENSP00000219070,0
1134,ENSP00000323549,0
60787,ENSP00000262306,0
3517,ENSP00000312326,0
445354,ENSP00000261208,0
60961,ENSP00000366506,1
311,ENSP00000306866,0
2801,ENSP00000354859,1
1548992,ENSP00000306920,0
5593,ENSP00000367309,0
36920,ENSP00000356070,0
177236,ENSP00000358327,0
23931,ENSP00000308541,1
1775,ENSP00000346577,0
2761,ENSP00000361405,0
4011,ENSP00000309968,0
4630,ENSP00000319984,1
213023,ENSP00000308541,1
5959,ENSP00000342560,1
314,ENSP00000356853,1
23994,ENSP00000264426,1
6437849,ENSP00000231509,0
1917,ENSP00000402084,0
1117,ENSP00000354532,1
28417,ENSP00000176183,0
468595,ENSP00000333685,0
5149021,ENSP00000265572,1
5074,ENSP00000287907,1
3391,ENSP00000385834,0
60961,ENSP00000358301,1
3455,ENSP00000270349,1
1117,ENSP00000370129,1
8230,ENSP00000267814,0
312,ENSP00000353791,1
177236,ENSP00000263621,0
5304,ENSP00000335357,0
6436,ENSP00000231509,1
3017,ENSP00000335084,0
6917908,ENSP00000357835,0
5035,ENSP00000395473,0
424,ENSP00000221742,1
1548992,ENSP00000366506,1
5310960,ENSP00000310935,0
4927,ENSP00000362576,0
3385,ENSP00000321999,0
311,ENSP00000350136,1
702,ENSP00000339960,1
9824,ENSP00000381333,0
2099,ENSP00000261349,0
4196,ENSP00000414334,0
1405,ENSP00000333534,0
445154,ENSP00000356438,1
9270,ENSP00000325120,1
1065,ENSP00000309591,0
3107,ENSP00000313420,0
23930,ENSP00000217901,1
5374,ENSP00000322788,0
107971,ENSP00000336687,0
3916,ENSP00000435412,0
168572,ENSP00000301729,0
4828,ENSP00000215773,0
951,ENSP00000245457,1
6230,ENSP00000249396,0
2564,ENSP00000343782,0
402,ENSP00000354612,0
5076,ENSP00000382697,0
4236,ENSP00000216392,0
2803,ENSP00000306662,1
5645,ENSP00000360968,0
312,ENSP00000235382,1
4920,ENSP00000206249,1
4095,ENSP00000250378,0
1541,ENSP00000255008,1
10096344,ENSP00000287022,0
951,ENSP00000287907,1
3869,ENSP00000333534,0
10267,ENSP00000261799,0
593,ENSP00000251607,1
501390,ENSP00000308720,0
5556,ENSP00000301974,1
94701,ENSP00000347495,0
1051,ENSP00000348234,1
6918365,ENSP00000305714,0
26644,ENSP00000260227,0
9823820,ENSP00000263923,1
47811,ENSP00000369960,1
3981,ENSP00000353720,0
6437850,ENSP00000361405,0
2367,ENSP00000345023,0
1132,ENSP00000359151,1
1983,ENSP00000261669,0
5523,ENSP00000234961,1
23994,ENSP00000348459,1
123679,ENSP00000298171,0
3749,ENSP00000369050,0
6505803,ENSP00000371110,0
2333,ENSP00000234310,0
4992,ENSP00000371067,0
72968,ENSP00000306490,0
23994,ENSP00000378306,1
1205,ENSP00000354652,0
3086685,ENSP00000301146,0
170361,ENSP00000310935,0
1971,ENSP00000216392,0
2978,ENSP00000442050,0
312,ENSP00000300093,1
1148,ENSP00000254719,0
745,ENSP00000295256,1
4020,ENSP00000355046,0
5035,ENSP00000311572,1
2761,ENSP00000263368,0
122186,ENSP00000385746,0
23925,ENSP00000218758,1
19143,ENSP00000409378,0
3682,ENSP00000305372,1
15,ENSP00000338072,0
2949,ENSP00000228476,0
114854,ENSP00000409378,0
100516,ENSP00000371554,0
1117,ENSP00000322991,1
5452,ENSP00000289753,1
3823,ENSP00000367408,0
5454,ENSP00000369960,1
19861,ENSP00000341117,0
51577,ENSP00000305692,1
4020,ENSP00000307766,0
3779,ENSP00000305372,1
71120,ENSP00000351484,1
4885,ENSP00000302232,0
3391,ENSP00000349003,1
3033538,ENSP00000344456,0
5149021,ENSP00000297991,0
4493,ENSP00000284811,0
1051,ENSP00000267845,1
774,ENSP00000264498,0
16960,ENSP00000263126,0
298,ENSP00000234961,1
6230,ENSP00000223366,0
119380,ENSP00000223095,0
3404,ENSP00000355866,0
134780,ENSP00000356070,0
4913,ENSP00000319984,1
10607,ENSP00000334145,0
3238,ENSP00000295640,1
3675,ENSP00000312326,1
12560,ENSP00000371236,0
119058,ENSP00000264932,1
60961,ENSP00000342560,1
5284549,ENSP00000264668,0
10836,ENSP00000316244,1
3964,ENSP00000255380,1
64627,ENSP00000336630,1
66414,ENSP00000256594,0
774,ENSP00000354859,1
3823,ENSP00000003100,1
1117,ENSP00000273588,1
3494,ENSP00000370223,0
4659568,ENSP00000322898,0
6089,ENSP00000256078,0
16156130,ENSP00000228476,0
53232,ENSP00000364212,0
5691,ENSP00000366506,0
445354,ENSP00000370989,0
439260,ENSP00000304697,0
6010,ENSP00000368226,0
1051,ENSP00000371535,1
4442,ENSP00000384708,0
5281071,ENSP00000176183,0
121850,ENSP00000285381,0
3912,ENSP00000394624,1
1117,ENSP00000308541,1
2726,ENSP00000319984,1
4442,ENSP00000264595,0
2200,ENSP00000307445,0
5284371,ENSP00000369100,0
119058,ENSP00000268379,1
6426631,ENSP00000263464,0
191,ENSP00000332591,1
1130,ENSP00000353165,1
121850,ENSP00000381607,0
35370,ENSP00000252945,0
393599,ENSP00000261349,0
104858,ENSP00000273430,0
9578572,ENSP00000216330,0
71120,ENSP00000264690,0
148211,ENSP00000291294,0
2687,ENSP00000366506,0
5865,ENSP00000367934,0
4636,ENSP00000386069,1
445643,ENSP00000378306,1
216239,ENSP00000250416,0
60961,ENSP00000361965,1
702,ENSP00000331103,0
5726,ENSP00000252029,1
5959,ENSP00000349003,1
439176,ENSP00000243911,0
961,ENSP00000292614,0
72438,ENSP00000229794,0
9832383,ENSP00000308750,0
2771,ENSP00000245960,0
2973,ENSP00000338018,1
16133831,ENSP00000294973,0
35370,ENSP00000367545,0
1224,ENSP00000316244,1
10096344,ENSP00000310701,0
3954,ENSP00000231509,0
23994,ENSP00000178638,1
424,ENSP00000360519,0
23994,ENSP00000218758,1
446157,ENSP00000326031,0
18794,ENSP00000232607,0
23977,ENSP00000240139,0
1229,ENSP00000385746,0
1117,ENSP00000364486,1
122335,ENSP00000383840,0
64627,ENSP00000346901,0
961,ENSP00000354499,1
2160,ENSP00000263035,0
60852,ENSP00000329374,0
784,ENSP00000225275,1
3153,ENSP00000282841,0
5074,ENSP00000328835,0
2116,ENSP00000260116,1
2995,ENSP00000369960,1
5281071,ENSP00000354193,0
4100,ENSP00000269980,0
4636,ENSP00000306662,1
5757,ENSP00000231509,1
312,ENSP00000200676,1
5486827,ENSP00000310071,0
5195,ENSP00000306920,0
1051,ENSP00000359539,1
3676,ENSP00000418001,0
4100,ENSP00000323867,0
191,ENSP00000261900,1
1050,ENSP00000356480,0
3158,ENSP00000345023,0
1205,ENSP00000302478,0
23925,ENSP00000273550,1
774,ENSP00000297988,0
1287,ENSP00000313420,0
2561,ENSP00000264668,0
130731,ENSP00000320043,0
23925,ENSP00000364361,0
40841,ENSP00000347979,0
5572,ENSP00000256999,0
6918837,ENSP00000302441,0
941651,ENSP00000315212,0
3762,ENSP00000340523,0
2477,ENSP00000258400,1
253,ENSP00000312326,0
656629,ENSP00000353679,1
115146,ENSP00000264193,0
6013,ENSP00000337450,1
2083,ENSP00000358301,1
16133798,ENSP00000315644,0
4927,ENSP00000358107,0
158,ENSP00000338072,1
158,ENSP00000306662,1
23931,ENSP00000356070,1
5584,ENSP00000392709,0
23931,ENSP00000353731,1
15,ENSP00000369816,1
1117,ENSP00000226730,1
12560,ENSP00000337915,1
2730,ENSP00000303208,0
3964,ENSP00000256906,1
996,ENSP00000332973,0
5311067,ENSP00000219252,0
4908,ENSP00000236959,0
951,ENSP00000322924,1
312,ENSP00000311032,1
4106,ENSP00000316786,0
6918638,ENSP00000430432,1
3363,ENSP00000315644,1
5284595,ENSP00000380514,0
253,ENSP00000222553,0
4828,ENSP00000267101,0
312,ENSP00000297494,1
89594,ENSP00000332679,1
4782,ENSP00000222982,0
3964,ENSP00000292180,0
11243969,ENSP00000356070,0
3285,ENSP00000225577,0
60785,ENSP00000333994,0
5775,ENSP00000296545,0
14985,ENSP00000260116,1
1935,ENSP00000284440,0
1134,ENSP00000267615,0
6741,ENSP00000300738,0
3957,ENSP00000322898,0
3517,ENSP00000216410,0
1614,ENSP00000225831,0
10100,ENSP00000217901,0
42955,ENSP00000269385,0
5462134,ENSP00000345023,0
5568,ENSP00000319984,1
5454,ENSP00000316244,1
3585,ENSP00000260227,0
123679,ENSP00000370989,0
2435,ENSP00000280155,1
94701,ENSP00000380247,0
5515,ENSP00000378191,0
1701,ENSP00000229239,1
23930,ENSP00000297373,1
168572,ENSP00000394624,1
60785,ENSP00000269466,0
864,ENSP00000250971,0
65889,ENSP00000301974,1
5662,ENSP00000360541,0
838,ENSP00000363596,1
9270,ENSP00000375881,0
2949,ENSP00000178638,0
23994,ENSP00000222482,1
216235,ENSP00000306490,0
3750,ENSP00000354280,0
5566,ENSP00000261208,0
643976,ENSP00000392709,1
26644,ENSP00000313681,0
836,ENSP00000219070,0
2550,ENSP00000428982,0
35370,ENSP00000302441,0
2801,ENSP00000265689,0
5566,ENSP00000280155,1
5743,ENSP00000341390,1
16133831,ENSP00000376177,0
5362436,ENSP00000235382,0
9576912,ENSP00000302478,0
5350,ENSP00000318585,0
1148,ENSP00000269980,0
3559,ENSP00000285979,0
4108,ENSP00000255380,1
126941,ENSP00000327268,0
864,ENSP00000249396,0
2354,ENSP00000222330,0
5203,ENSP00000332659,0
94701,ENSP00000347979,0
312145,ENSP00000357494,0
5329102,ENSP00000333568,1
312,ENSP00000364831,1
5588,ENSP00000256958,0
360682,ENSP00000364114,0
4189,ENSP00000360372,1
4493,ENSP00000360687,0
31703,ENSP00000265724,1
1051,ENSP00000268251,1
3658,ENSP00000337746,0
723,ENSP00000356953,1
2564,ENSP00000351484,0
1986,ENSP00000233627,0
200,ENSP00000234961,0
3715,ENSP00000364475,0
91605,ENSP00000356425,0
3310,ENSP00000234310,0
3916,ENSP00000447173,0
999,ENSP00000418447,0
4212,ENSP00000417980,0
745,ENSP00000369100,1
39042,ENSP00000385571,0
11243969,ENSP00000269571,0
311,ENSP00000256078,1
4629,ENSP00000409378,1
2249,ENSP00000270139,0
114999,ENSP00000224356,0
5486827,ENSP00000331602,0
55482,ENSP00000355086,0
68570,ENSP00000206249,1
6917908,ENSP00000358022,0
9826744,ENSP00000265164,0
152945,ENSP00000316244,0
2854,ENSP00000266682,0
4630,ENSP00000001008,0
4894,ENSP00000369100,0
6918365,ENSP00000269571,0
3081361,ENSP00000282397,1
60719,ENSP00000256958,1
23977,ENSP00000270349,0
312,ENSP00000282397,1
4631,ENSP00000354193,0
10267,ENSP00000353731,0
4992,ENSP00000369960,0
5284627,ENSP00000285379,1
214,ENSP00000378408,0
892,ENSP00000280701,0
5350,ENSP00000362361,0
72271,ENSP00000262948,0
3684,ENSP00000264657,0
5556,ENSP00000328835,0
1051,ENSP00000409378,0
4419,ENSP00000267085,0
41987,ENSP00000299518,0
4034,ENSP00000155840,0
5310985,ENSP00000268097,0
158,ENSP00000281806,1
3391,ENSP00000359793,1
5894,ENSP00000331897,0
158795,ENSP00000300093,0
1541,ENSP00000176183,1
445420,ENSP00000353679,0
951,ENSP00000241256,1
5362436,ENSP00000353915,1
2550,ENSP00000309741,0
5287620,ENSP00000384296,0
31703,ENSP00000363988,0
10140,ENSP00000235835,0
444795,ENSP00000363596,0
2833,ENSP00000360519,0
38409,ENSP00000364486,0
170361,ENSP00000216962,0
2499,ENSP00000403852,0
2419,ENSP00000367608,0
3494,ENSP00000370129,0
1117,ENSP00000313432,1
57379345,ENSP00000260682,0
9270,ENSP00000296545,0
68844,ENSP00000261799,0
156391,ENSP00000354612,1
5311018,ENSP00000328973,0
2725,ENSP00000323867,0
132624,ENSP00000316786,0
3086686,ENSP00000372023,1
2370,ENSP00000367615,0
54746,ENSP00000310219,0
679,ENSP00000365926,0
4850,ENSP00000216951,0
122187,ENSP00000226730,0
610479,ENSP00000266517,0
216235,ENSP00000262033,0
6834,ENSP00000280155,0
166558,ENSP00000389948,0
2726,ENSP00000307766,1
107772,ENSP00000357066,0
5282381,ENSP00000378295,0
213023,ENSP00000303423,0
214,ENSP00000311291,1
593,ENSP00000361465,1
5486827,ENSP00000328973,0
3168,ENSP00000358327,0
216326,ENSP00000349320,0
439260,ENSP00000358730,1
3602,ENSP00000325120,0
3657,ENSP00000222002,0
2200,ENSP00000448165,0
3598,ENSP00000444788,0
750,ENSP00000219313,1
3337,ENSP00000258400,1
158,ENSP00000322924,1
3337,ENSP00000234961,0
3845,ENSP00000357907,0
1204,ENSP00000361965,0
5775,ENSP00000367959,1
5726,ENSP00000353920,0
4098,ENSP00000337733,0
3308,ENSP00000354612,1
23994,ENSP00000320147,1
5074,ENSP00000337949,1
66414,ENSP00000296511,0
2169,ENSP00000301729,0
107772,ENSP00000222482,0
6918837,ENSP00000263800,0
2370,ENSP00000403852,0
449459,ENSP00000206249,1
1117,ENSP00000357981,1
9642,ENSP00000261465,0
5360515,ENSP00000290866,0
5077,ENSP00000254066,0
3455,ENSP00000307241,0
5959,ENSP00000265572,1
108156,ENSP00000240139,0
6433119,ENSP00000371110,0
3337,ENSP00000369960,1
4261,ENSP00000253799,0
1593,ENSP00000262554,0
4980,ENSP00000356853,0
5311081,ENSP00000343190,0
5581,ENSP00000364252,0
5362129,ENSP00000355192,0
5401,ENSP00000247970,0
2818,ENSP00000307766,1
5001396,ENSP00000442050,0
54671203,ENSP00000299855,1
5202,ENSP00000267377,1
5983,ENSP00000226730,0
1253,ENSP00000338018,0
1117,ENSP00000332816,1
23930,ENSP00000220584,1
44404987,ENSP00000264657,0
26879,ENSP00000402084,0
92730,ENSP00000359991,0
3954,ENSP00000329093,0
4631609,ENSP00000321656,0
1979,ENSP00000357066,0
468595,ENSP00000003100,1
4425,ENSP00000265572,1
158,ENSP00000291294,1
9823820,ENSP00000264613,0
2267,ENSP00000338072,0
158,ENSP00000354652,1
838,ENSP00000241256,1
178103,ENSP00000366482,0
5011,ENSP00000320709,0
4055,ENSP00000331201,0
718,ENSP00000368066,0
2949,ENSP00000260682,1
3350,ENSP00000410732,0
4865,ENSP00000377948,0
5732,ENSP00000360939,0
39860,ENSP00000178638,0
5358,ENSP00000370571,0
2333,ENSP00000350136,0
26757,ENSP00000367309,1
951,ENSP00000220584,0
2995,ENSP00000282397,0
60852,ENSP00000323867,0
564,ENSP00000308720,0
3682,ENSP00000217185,0
4020,ENSP00000331327,0
151165,ENSP00000370938,0
71246,ENSP00000416293,0
59693,ENSP00000351484,0
3340,ENSP00000245312,0
23994,ENSP00000217244,1
702,ENSP00000225740,1
3449,ENSP00000339001,0
1978,ENSP00000380247,0
6675,ENSP00000382595,0
298,ENSP00000292301,1
4080,ENSP00000448165,0
23994,ENSP00000261900,1
6013,ENSP00000466799,1
71120,ENSP00000290349,0
91649,ENSP00000401508,0
6054,ENSP00000345873,0
5284596,ENSP00000178638,0
2812,ENSP00000322421,0
216239,ENSP00000264914,0
114999,ENSP00000381333,0
25077992,ENSP00000363512,0
5149021,ENSP00000394624,1
5314,ENSP00000244051,0
5202,ENSP00000337949,1
322,ENSP00000431418,0
24267,ENSP00000324856,0
121850,ENSP00000231487,0
54688,ENSP00000256958,1
4992,ENSP00000300738,0
3891,ENSP00000254301,0
23930,ENSP00000369134,1
1205,ENSP00000275605,0
3823,ENSP00000337450,1
15,ENSP00000264318,0
36314,ENSP00000407546,0
5361092,ENSP00000234961,1
6726,ENSP00000276373,0
36920,ENSP00000358301,1
4782,ENSP00000376176,0
3450,ENSP00000296511,0
1117,ENSP00000346160,1
6437850,ENSP00000338018,0
107994,ENSP00000290866,1
5376,ENSP00000343925,1
5284596,ENSP00000257904,0
5352624,ENSP00000305714,0
23932,ENSP00000360290,0
3615,ENSP00000226279,0
44668,ENSP00000368066,0
18794,ENSP00000178638,1
65064,ENSP00000012443,0
156391,ENSP00000325425,0
951,ENSP00000356070,0
657378,ENSP00000223366,0
951,ENSP00000342560,1
72172,ENSP00000292596,0
156391,ENSP00000334592,0
5587,ENSP00000269159,0
593,ENSP00000356070,0
431328,ENSP00000265572,1
23925,ENSP00000275525,1
702,ENSP00000345774,1
5454,ENSP00000380247,1
439260,ENSP00000292301,1
23994,ENSP00000379839,1
5310960,ENSP00000369960,0
941361,ENSP00000331831,0
5310960,ENSP00000363115,0
5533,ENSP00000358107,0
31703,ENSP00000269571,1
593,ENSP00000296522,0
2987,ENSP00000232975,1
5311037,ENSP00000258385,0
33036,ENSP00000316244,0
9880,ENSP00000265016,0
9400,ENSP00000261937,0
108094,ENSP00000363621,0
123015,ENSP00000292147,0
55482,ENSP00000298942,0
5771,ENSP00000414019,0
3153,ENSP00000396452,0
5359272,ENSP00000234961,1
149,ENSP00000329858,1
643976,ENSP00000245960,0
200,ENSP00000360290,1
4993,ENSP00000362401,0
5282381,ENSP00000296412,0
774,ENSP00000291294,1
68570,ENSP00000293860,0
5311018,ENSP00000223129,0
5610,ENSP00000358223,0
5514,ENSP00000178638,1
424,ENSP00000264595,1
6918537,ENSP00000323036,0
1117,ENSP00000327251,1
4927,ENSP00000367959,1
4742,ENSP00000221466,0
312,ENSP00000266970,1
5508,ENSP00000232975,0
1148,ENSP00000361125,1
1405,ENSP00000355517,0
4078,ENSP00000377549,0
3154,ENSP00000384408,0
1117,ENSP00000360154,1
6918837,ENSP00000344220,0
191,ENSP00000307766,1
2803,ENSP00000369960,1
2354,ENSP00000344460,0
5202,ENSP00000338072,1
5090,ENSP00000337332,0
1117,ENSP00000264426,1
4168,ENSP00000215832,0
5001396,ENSP00000302846,0
158,ENSP00000226413,1
5329098,ENSP00000351905,0
1979,ENSP00000380157,0
158,ENSP00000245457,1
951,ENSP00000245552,0
5281004,ENSP00000328777,0
445154,ENSP00000354612,1
3547,ENSP00000362608,0
5486684,ENSP00000367959,1
36920,ENSP00000345023,0
439260,ENSP00000265572,1
5077,ENSP00000364801,0
2311,ENSP00000290866,1
5562,ENSP00000222382,0
5311018,ENSP00000356671,0
4044,ENSP00000262948,0
4536,ENSP00000232217,0
36811,ENSP00000322706,0
838,ENSP00000343782,1
72271,ENSP00000354511,0
187,ENSP00000359285,1
312,ENSP00000276651,1
9799453,ENSP00000245206,0
311,ENSP00000256104,1
3450,ENSP00000249396,0
23994,ENSP00000315212,1
3035905,ENSP00000256906,1
312,ENSP00000229277,1
439260,ENSP00000249041,1
5462134,ENSP00000359685,0
72430,ENSP00000263800,0
643976,ENSP00000309565,1
4108,ENSP00000287907,0
4296,ENSP00000305302,0
774,ENSP00000359793,1
168572,ENSP00000314151,0
4253,ENSP00000260508,0
2419,ENSP00000350425,0
11597571,ENSP00000373700,1
4691,ENSP00000327268,0
2333,ENSP00000408860,0
1541,ENSP00000267845,0
54688,ENSP00000287820,0
176870,ENSP00000275216,0
23994,ENSP00000285381,1
9871419,ENSP00000370129,0
5865,ENSP00000370526,0
5267,ENSP00000385638,0
5582,ENSP00000297991,0
838,ENSP00000353165,0
1051,ENSP00000378408,1
91736,ENSP00000285900,0
4189,ENSP00000370213,0
15897,ENSP00000412237,0
6089,ENSP00000234111,0
1117,ENSP00000262306,1
5894,ENSP00000217244,1
5012,ENSP00000303830,0
2249,ENSP00000267814,0
3343,ENSP00000350941,0
4782,ENSP00000315013,0
5472,ENSP00000396452,0
4036,ENSP00000371138,0
122316,ENSP00000273588,0
3684,ENSP00000216911,0
1117,ENSP00000351682,1
5011,ENSP00000347754,1
2973,ENSP00000231449,0
745,ENSP00000292596,1
9642,ENSP00000261007,0
35370,ENSP00000366525,0
1355,ENSP00000321988,0
1548999,ENSP00000332816,0
439176,ENSP00000282841,0
2689,ENSP00000373918,0
36462,ENSP00000262306,0
57537,ENSP00000316244,1
2120,ENSP00000408860,0
5310985,ENSP00000335304,0
5022,ENSP00000368552,0
5656,ENSP00000238379,0
25197,ENSP00000317842,0
5790,ENSP00000362608,0
5363,ENSP00000325120,0
5359272,ENSP00000417980,0
42955,ENSP00000266517,0
36314,ENSP00000355866,0
4688,ENSP00000360538,0
996,ENSP00000264498,0
3016,ENSP00000200676,0
3494,ENSP00000258168,0
57242,ENSP00000354859,1
2714,ENSP00000343782,0
457954,ENSP00000303634,0
5562,ENSP00000362674,1
4253,ENSP00000234961,1
2708,ENSP00000354554,0
60961,ENSP00000316244,1
132624,ENSP00000324856,0
5588,ENSP00000272298,0
3826,ENSP00000270776,0
4782,ENSP00000362344,0
129211,ENSP00000316244,1
5029,ENSP00000312286,0
60961,ENSP00000354652,1
6436,ENSP00000358525,0
60787,ENSP00000272298,0
5280723,ENSP00000353770,0
718,ENSP00000320171,1
43815,ENSP00000319984,1
3381,ENSP00000336630,0
402,ENSP00000298472,0
5374,ENSP00000340466,0
444795,ENSP00000366093,1
4168,ENSP00000337335,0
19861,ENSP00000233627,0
2724385,ENSP00000361021,0
23930,ENSP00000267615,1
2512,ENSP00000176183,1
91649,ENSP00000466799,0
1072,ENSP00000320247,0
7019,ENSP00000319343,0
1117,ENSP00000371236,1
13109,ENSP00000293860,0
23994,ENSP00000267814,1
9875401,ENSP00000155840,0
158,ENSP00000324270,1
1117,ENSP00000367408,1
3823,ENSP00000181383,0
2247,ENSP00000365773,0
1541,ENSP00000358730,1
2583,ENSP00000353915,0
5959,ENSP00000358511,1
33624,ENSP00000231948,0
312,ENSP00000372023,1
1071,ENSP00000232217,1
5757,ENSP00000321988,1
4828,ENSP00000269466,0
5202,ENSP00000351755,1
126941,ENSP00000260227,0
2405,ENSP00000337761,0
3009,ENSP00000328973,0
3086685,ENSP00000282397,1
92100,ENSP00000362401,0
3034010,ENSP00000274793,1
6426631,ENSP00000231449,0
9270,ENSP00000315212,0
33624,ENSP00000362810,0
1229,ENSP00000297373,0
178013,ENSP00000381740,0
65076,ENSP00000261835,1
643976,ENSP00000355206,1
36736,ENSP00000362608,0
11804285,ENSP00000245312,0
5486827,ENSP00000290349,0
1117,ENSP00000419851,1
3001055,ENSP00000234590,0
71307,ENSP00000306662,0
5691,ENSP00000299529,0
60852,ENSP00000221742,0
5074,ENSP00000262306,0
3382,ENSP00000271450,0
445420,ENSP00000280551,0
445354,ENSP00000209929,0
1546,ENSP00000350616,0
10140,ENSP00000366093,0
9878,ENSP00000292596,0
298,ENSP00000442050,0
1134,ENSP00000356410,0
23994,ENSP00000376176,1
10517,ENSP00000329374,0
4926,ENSP00000369960,1
5462134,ENSP00000299518,0
3676,ENSP00000320171,0
942,ENSP00000250699,1
3430,ENSP00000420269,0
5202,ENSP00000343690,0
2051,ENSP00000346148,0
60612,ENSP00000254663,0
4742,ENSP00000261208,0
5311010,ENSP00000257068,0
1072,ENSP00000363021,0
596,ENSP00000350785,0
51577,ENSP00000257254,0
5095,ENSP00000200676,0
3086686,ENSP00000353452,1
4485,ENSP00000367959,1
5381226,ENSP00000256958,1
6834,ENSP00000362401,0
222528,ENSP00000232975,1
4108,ENSP00000315011,0
3403,ENSP00000353720,0
2160,ENSP00000000233,0
4885,ENSP00000354859,1
9400,ENSP00000254066,0
281,ENSP00000219700,1
36462,ENSP00000219700,0
9799453,ENSP00000304697,0
5202,ENSP00000363431,1
198792,ENSP00000336630,1
5726,ENSP00000347689,0
123015,ENSP00000298910,1
129211,ENSP00000401508,0
2162,ENSP00000310928,0
439260,ENSP00000363431,1
2714,ENSP00000362353,0
160355,ENSP00000217244,0
26721,ENSP00000234961,1
5514,ENSP00000345659,1
10607,ENSP00000302486,0
5282279,ENSP00000373674,0
9865515,ENSP00000373700,0
1204,ENSP00000357461,1
667467,ENSP00000339001,0
446512,ENSP00000359991,0
9815499,ENSP00000409378,0
23994,ENSP00000345502,1
6089,ENSP00000341390,0
4615,ENSP00000355330,0
4635,ENSP00000302967,0
92411,ENSP00000308549,1
1089,ENSP00000330237,0
60769,ENSP00000320043,0
3009,ENSP00000357066,1
5662,ENSP00000222382,0
23925,ENSP00000240139,1
5381226,ENSP00000289575,1
305,ENSP00000264047,1
4369359,ENSP00000275493,0
2949,ENSP00000389414,0
4533,ENSP00000363216,0
23994,ENSP00000362674,1
679,ENSP00000229794,1
60961,ENSP00000333821,1
16362,ENSP00000354859,1
3394,ENSP00000346001,0
312,ENSP00000364252,1
402,ENSP00000260324,1
2726,ENSP00000255380,1
26757,ENSP00000368066,0
4261,ENSP00000362649,1
2689,ENSP00000367959,1
134780,ENSP00000282841,0
151069,ENSP00000410076,0
3603,ENSP00000255380,1
1204,ENSP00000235382,0
4908,ENSP00000302811,0
3823,ENSP00000360317,1
27400,ENSP00000334145,0
4456,ENSP00000264381,1
60961,ENSP00000332591,1
129211,ENSP00000255380,0
11626560,ENSP00000277120,1
119058,ENSP00000367934,1
213023,ENSP00000364475,0
3739,ENSP00000275216,0
6918365,ENSP00000331746,0
57379345,ENSP00000309845,0
9395,ENSP00000225577,0
5311067,ENSP00000367934,0
961,ENSP00000305480,1
2215,ENSP00000355086,0
5311080,ENSP00000406157,0
5202,ENSP00000393333,1
9270,ENSP00000265689,0
213023,ENSP00000279488,0
57379345,ENSP00000353165,0
1117,ENSP00000358727,1
5281071,ENSP00000348911,0
39042,ENSP00000010404,0
1117,ENSP00000299855,1
5691,ENSP00000269980,0
5677,ENSP00000365926,0
4425,ENSP00000368552,0
4066,ENSP00000289957,0
679,ENSP00000419970,1
9878,ENSP00000346001,0
36314,ENSP00000269571,1
3918,ENSP00000356591,0
3749,ENSP00000378323,0
4926,ENSP00000354859,1
5251896,ENSP00000286479,0
4380,ENSP00000285381,0
5284371,ENSP00000378394,0
3009,ENSP00000228476,0
5311037,ENSP00000360687,0
4168,ENSP00000347754,1
5408,ENSP00000369134,0
3916,ENSP00000222673,0
4946,ENSP00000362401,0
5761,ENSP00000337949,1
3007,ENSP00000270349,1
2968,ENSP00000269385,0
3391,ENSP00000361423,0
6917655,ENSP00000373884,0
1541,ENSP00000249041,1
2753,ENSP00000336868,0
54459,ENSP00000360549,0
108156,ENSP00000301974,1
6468,ENSP00000331831,0
2726,ENSP00000354859,1
314,ENSP00000209929,0
9803852,ENSP00000326031,0
16132139,ENSP00000344220,0
838,ENSP00000359793,1
23994,ENSP00000297261,1
4828,ENSP00000368552,0
6834,ENSP00000335544,0
23994,ENSP00000379133,1
119380,ENSP00000277942,0
177236,ENSP00000340278,0
2161,ENSP00000377969,0
4894,ENSP00000284440,0
468595,ENSP00000261835,1
5202,ENSP00000265572,1
3517,ENSP00000280155,1
3007,ENSP00000275216,1
129211,ENSP00000366156,0
5078,ENSP00000250559,0
6089,ENSP00000319984,0
2405,ENSP00000361423,0
4932,ENSP00000322421,0
1117,ENSP00000328547,1
5626,ENSP00000339001,0
23994,ENSP00000362649,1
50599,ENSP00000326227,0
392622,ENSP00000222982,1
4536,ENSP00000395473,0
5374,ENSP00000280155,1
5408,ENSP00000222982,1
104842,ENSP00000381333,0
5530,ENSP00000405573,0
5582,ENSP00000333994,0
16129679,ENSP00000451560,0
6741,ENSP00000368552,0
5311037,ENSP00000304501,1
57379345,ENSP00000168216,0
5283731,ENSP00000235382,0
3158,ENSP00000386069,1
5731,ENSP00000316244,1
446155,ENSP00000373715,0
57379345,ENSP00000361275,0
312,ENSP00000319730,1
23994,ENSP00000327251,1
15,ENSP00000366233,0
4380,ENSP00000285379,0
33036,ENSP00000327070,0
6422124,ENSP00000223129,0
4380,ENSP00000382595,0
2083,ENSP00000343782,1
5790,ENSP00000275525,0
4042,ENSP00000343925,1
23994,ENSP00000306606,1
392622,ENSP00000231751,0
5358,ENSP00000237858,0
213023,ENSP00000353483,0
27991,ENSP00000222553,0
72968,ENSP00000306390,0
5278,ENSP00000243167,0
5486684,ENSP00000168216,0
59693,ENSP00000292427,1
2818,ENSP00000365160,0
123679,ENSP00000324806,0
94701,ENSP00000361125,0
4248,ENSP00000354238,0
4533,ENSP00000265572,1
774,ENSP00000234371,1
4984,ENSP00000356037,0
200,ENSP00000236959,1
4911,ENSP00000337335,1
55482,ENSP00000362401,0
71307,ENSP00000341658,0
3295,ENSP00000338072,0
54454,ENSP00000216465,0
449459,ENSP00000386171,1
3086686,ENSP00000341189,1
2735,ENSP00000384708,0
5304,ENSP00000354347,0
60787,ENSP00000304414,0
2949,ENSP00000261900,0
18830,ENSP00000302486,0
667490,ENSP00000308541,0
5097,ENSP00000362576,0
6834,ENSP00000418603,0
23994,ENSP00000362361,1
55245,ENSP00000352222,0
3913,ENSP00000385746,0
5508,ENSP00000356438,1
23994,ENSP00000285379,1
298,ENSP00000363596,1
1287,ENSP00000247970,1
399618,ENSP00000285949,0
158,ENSP00000318077,1
4585,ENSP00000255380,1
179837,ENSP00000244051,0
5361092,ENSP00000275493,0
5202,ENSP00000249396,0
2462,ENSP00000351755,0
3682,ENSP00000428426,0
3981,ENSP00000337949,1
2801,ENSP00000332679,0
5284570,ENSP00000265572,1
23932,ENSP00000286301,0
158,ENSP00000358511,1
4993,ENSP00000338072,0
158,ENSP00000363596,1
16132139,ENSP00000318077,1
4991,ENSP00000306512,0
6726,ENSP00000369816,0
66414,ENSP00000339260,0
5076,ENSP00000363229,0
3016,ENSP00000324124,0
6089,ENSP00000340684,0
4850,ENSP00000354859,1
5936,ENSP00000347717,0
5210,ENSP00000242375,0
936,ENSP00000299964,1
10635,ENSP00000369816,1
450,ENSP00000355930,1
6623,ENSP00000378408,0
5566,ENSP00000272298,1
312,ENSP00000295640,1
3410,ENSP00000358301,1
85,ENSP00000219240,0
5486,ENSP00000290866,0
191,ENSP00000280155,1
2200,ENSP00000349687,0
774,ENSP00000358511,1
2519,ENSP00000375730,0
5077,ENSP00000297261,0
996,ENSP00000306920,0
5281708,ENSP00000357835,0
311,ENSP00000385834,1
1051,ENSP00000359976,1
2094,ENSP00000363832,1
23994,ENSP00000236826,1
47811,ENSP00000386069,1
3750,ENSP00000337915,1
4629,ENSP00000259271,0
23994,ENSP00000225504,1
892,ENSP00000396308,0
2230,ENSP00000356853,0
3827,ENSP00000419692,0
5581,ENSP00000254976,0
4920,ENSP00000406220,0
9875401,ENSP00000324124,0
4066,ENSP00000369456,0
4296,ENSP00000003100,0
4811,ENSP00000269980,0
57379345,ENSP00000396308,0
2995,ENSP00000367959,1
1205,ENSP00000337915,0
187,ENSP00000282397,0
4980,ENSP00000362481,0
5662,ENSP00000237858,0
3016,ENSP00000377311,0
5280961,ENSP00000267845,0
4428,ENSP00000234961,1
54746,ENSP00000355206,0
4984,ENSP00000389103,1
5202,ENSP00000332591,1
444732,ENSP00000354532,0
2512,ENSP00000258400,1
60961,ENSP00000293860,0
1205,ENSP00000005178,0
54454,ENSP00000227868,0
951,ENSP00000257254,1
4098,ENSP00000380247,1
47811,ENSP00000280155,1
23994,ENSP00000347689,1
4920,ENSP00000325120,1
447700,ENSP00000367608,0
4044,ENSP00000370129,1
4425,ENSP00000267814,0
702,ENSP00000295101,1
3657,ENSP00000307241,0
322,ENSP00000251607,0
312145,ENSP00000347717,0
1893,ENSP00000348897,0
100788,ENSP00000308541,0
5584,ENSP00000225577,0
5329102,ENSP00000275300,0
4688,ENSP00000367545,0
3648,ENSP00000345023,0
65110,ENSP00000298910,0
2244,ENSP00000356480,0
5472,ENSP00000216330,0
123878,ENSP00000340278,0
72968,ENSP00000359793,0
2802,ENSP00000333994,0
4900,ENSP00000327268,0
698,ENSP00000061240,0
216235,ENSP00000386069,0
108156,ENSP00000306662,0
5282280,ENSP00000308549,1
3964,ENSP00000287907,1
6726,ENSP00000322909,0
119461,ENSP00000303424,1
656772,ENSP00000234111,0
312,ENSP00000352702,1
3671,ENSP00000314441,0
5097,ENSP00000266970,1
23994,ENSP00000372191,1
5761,ENSP00000296411,0
187,ENSP00000264381,1
5584,ENSP00000386029,0
11597571,ENSP00000266970,0
2156,ENSP00000241337,0
1117,ENSP00000366482,1
3985498,ENSP00000267615,0
4383,ENSP00000325690,0
11626560,ENSP00000359991,0
5472,ENSP00000370571,0
25880656,ENSP00000375892,0
445643,ENSP00000417214,0
33036,ENSP00000343782,0
444008,ENSP00000224356,0
836,ENSP00000307235,0
2662,ENSP00000363431,0
3016,ENSP00000328973,1
784,ENSP00000378359,0
5452,ENSP00000337949,1
6433119,ENSP00000292301,0
2689,ENSP00000373700,0
3043,ENSP00000216410,0
445354,ENSP00000409378,0
643976,ENSP00000361642,1
3016,ENSP00000370571,0
54459,ENSP00000354387,0
5770,ENSP00000296411,0
5743,ENSP00000358107,0
4830,ENSP00000258400,1
3168,ENSP00000382697,0
1117,ENSP00000287936,1
2120,ENSP00000378408,0
3386,ENSP00000258400,1
115146,ENSP00000304915,0
89594,ENSP00000315602,1
4659568,ENSP00000302150,0
5894,ENSP00000261937,0
4830,ENSP00000280551,0
3964,ENSP00000337949,1
85,ENSP00000428982,0
71120,ENSP00000287907,0
1134,ENSP00000320171,0
564,ENSP00000359539,0
9849616,ENSP00000358511,1
3433,ENSP00000255008,0
5757,ENSP00000361423,0
2812,ENSP00000227378,0
2230,ENSP00000361642,0
3001055,ENSP00000324740,0
314,ENSP00000346577,1
5267,ENSP00000303634,0
1440,ENSP00000366482,0
1917,ENSP00000307241,0
4055,ENSP00000334052,0
5983,ENSP00000317842,1
1117,ENSP00000263182,1
1701,ENSP00000258385,0
312,ENSP00000410076,1
1355,ENSP00000262584,0
1614,ENSP00000307241,0
55283,ENSP00000320709,0
1117,ENSP00000001008,1
166558,ENSP00000269980,0
115146,ENSP00000336687,1
951,ENSP00000263182,0
2332,ENSP00000301729,1
151165,ENSP00000353920,0
5283454,ENSP00000398632,0
774,ENSP00000386069,1
4919,ENSP00000255380,1
5544,ENSP00000302441,0
5454,ENSP00000275300,0
104787,ENSP00000234961,1
5202,ENSP00000350491,0
3433,ENSP00000432481,0
47318,ENSP00000265113,0
4108,ENSP00000319984,1
3339,ENSP00000306606,0
3918,ENSP00000265572,1
6505803,ENSP00000360541,0
5287969,ENSP00000221130,0
54688,ENSP00000226413,0
60961,ENSP00000362361,1
65020,ENSP00000234111,1
4946,ENSP00000319984,0
2708,ENSP00000430269,0
4011,ENSP00000309741,0
114866,ENSP00000251588,0
1065,ENSP00000260682,1
123015,ENSP00000288135,1
5005,ENSP00000347689,0
5533,ENSP00000399168,0
5508,ENSP00000255262,0
6000,ENSP00000378394,0
6834,ENSP00000320171,0
1051,ENSP00000164139,1
5284596,ENSP00000320503,0
55245,ENSP00000325120,1
1219,ENSP00000261007,0
104973,ENSP00000001008,0
2160,ENSP00000331201,0
4585,ENSP00000287907,1
5202,ENSP00000332659,1
3869,ENSP00000361894,0
33036,ENSP00000380247,1
312,ENSP00000372191,1
60825,ENSP00000292427,0
311,ENSP00000356853,1
6422124,ENSP00000264914,0
114683,ENSP00000343190,0
5959,ENSP00000356070,0
3449,ENSP00000229135,0
2153,ENSP00000341390,0
4630,ENSP00000302967,0
4112,ENSP00000362344,1
312,ENSP00000222982,1
5567,ENSP00000376176,0
4850,ENSP00000255030,0
961,ENSP00000285379,1
5311067,ENSP00000313432,0
23930,ENSP00000325312,1
3404,ENSP00000229416,0
2247,ENSP00000225577,0
8230,ENSP00000321821,0
6466,ENSP00000263025,0
60961,ENSP00000388107,0
5283454,ENSP00000301891,0
11301,ENSP00000264832,0
5358,ENSP00000367309,0
785,ENSP00000369038,0
5074,ENSP00000369960,1
5593,ENSP00000280155,0
222528,ENSP00000261937,0
15897,ENSP00000332973,0
24360,ENSP00000176183,0
3715,ENSP00000263126,1
119058,ENSP00000354554,1
637542,ENSP00000282957,0
446155,ENSP00000261465,0
60785,ENSP00000320147,0
3450,ENSP00000335592,0
168572,ENSP00000318868,0
36920,ENSP00000337332,0
445154,ENSP00000388107,0
23930,ENSP00000408526,1
2909,ENSP00000226730,1
4430,ENSP00000319984,0
774,ENSP00000275216,1
298,ENSP00000287907,1
3308,ENSP00000310071,0
4585,ENSP00000319984,1
5077,ENSP00000264381,1
122335,ENSP00000333568,0
23994,ENSP00000321334,0
4636,ENSP00000309741,0
312,ENSP00000321334,1
5452,ENSP00000306490,1
4788,ENSP00000012443,0
3845,ENSP00000316339,0
1548999,ENSP00000350616,0
5163,ENSP00000260508,0
3494,ENSP00000302564,0
16960,ENSP00000336630,0
864,ENSP00000273064,0
122316,ENSP00000378890,0
2914,ENSP00000268097,0
1355,ENSP00000311572,0
25880656,ENSP00000356022,0
1240,ENSP00000353920,0
2725,ENSP00000176183,0
1775,ENSP00000276651,0
2119,ENSP00000256104,0
1548943,ENSP00000255008,0
60612,ENSP00000280155,1
2156,ENSP00000320147,0
121850,ENSP00000290765,0
208908,ENSP00000299855,0
5983,ENSP00000247970,0
5870,ENSP00000296511,0
4595,ENSP00000298910,0
23977,ENSP00000362674,1
2719,ENSP00000297261,0
60961,ENSP00000299766,1
2724385,ENSP00000215832,0
1117,ENSP00000347979,1
5281071,ENSP00000368066,0
2519,ENSP00000308549,1
3915,ENSP00000264047,0
6089,ENSP00000322991,0
39860,ENSP00000363596,1
3008,ENSP00000265572,1
3433,ENSP00000261799,0
1205,ENSP00000296509,0
6054,ENSP00000292513,0
450,ENSP00000466799,1
1405,ENSP00000178638,0
4236,ENSP00000354728,0
718,ENSP00000299267,0
2538,ENSP00000229416,0
5022,ENSP00000255380,0
2764,ENSP00000377914,0
936,ENSP00000250971,0
5556,ENSP00000363216,0
208908,ENSP00000302967,0
114903,ENSP00000360687,0
564,ENSP00000376176,0
51577,ENSP00000275525,0
4595,ENSP00000254066,0
6834,ENSP00000367934,0
16197727,ENSP00000199280,0
5284371,ENSP00000359793,0
11301,ENSP00000259271,0
1117,ENSP00000216117,1
774,ENSP00000380247,1
5566,ENSP00000265724,1
1117,ENSP00000264832,1
9395,ENSP00000362608,0
5186,ENSP00000350928,0
1117,ENSP00000304697,1
3086671,ENSP00000369134,0
23994,ENSP00000309968,1
5865,ENSP00000217961,0
4782,ENSP00000308549,0
16129682,ENSP00000321999,1
4946,ENSP00000305372,1
312,ENSP00000364801,1
23931,ENSP00000384296,0
129211,ENSP00000306662,1
3016,ENSP00000223095,0
5329102,ENSP00000277120,1
130731,ENSP00000357066,0
4920,ENSP00000337915,1
2949,ENSP00000314649,0
104842,ENSP00000369960,0
5472,ENSP00000325312,0
2689,ENSP00000359285,0
23977,ENSP00000395574,0
4920,ENSP00000351706,0
5324345,ENSP00000264382,0
838,ENSP00000265986,0
1986,ENSP00000352835,0
122024,ENSP00000260508,0
6040,ENSP00000332887,0
57537,ENSP00000362608,0
151069,ENSP00000257290,0
2333,ENSP00000225504,0
2083,ENSP00000305372,1
5533,ENSP00000220809,0
5761,ENSP00000371067,0
311,ENSP00000379680,1
5324345,ENSP00000260682,1
5284596,ENSP00000314407,0
5743,ENSP00000357067,0
104858,ENSP00000392411,0
387316,ENSP00000409007,0
9578572,ENSP00000368552,0
4020,ENSP00000344456,0
5035,ENSP00000363832,1
951,ENSP00000315011,1
1117,ENSP00000254301,1
5480230,ENSP00000234961,1
784,ENSP00000168216,0
5533,ENSP00000354499,0
4788,ENSP00000416293,1
445154,ENSP00000326031,0
121963,ENSP00000345771,0
5304,ENSP00000419851,0
9395,ENSP00000360608,0
360682,ENSP00000335620,0
5280723,ENSP00000305372,1
446157,ENSP00000228434,0
4189,ENSP00000232607,0
2332,ENSP00000354280,1
214,ENSP00000363205,0
5287969,ENSP00000164139,1
4771,ENSP00000270349,1
1798,ENSP00000293860,0
4782,ENSP00000306662,1
9270,ENSP00000221130,0
4236,ENSP00000318912,0
104787,ENSP00000336687,0
16197727,ENSP00000206249,0
68848,ENSP00000330032,0
5755,ENSP00000341390,1
5311,ENSP00000266970,0
5287969,ENSP00000303634,0
5282054,ENSP00000272928,0
5203,ENSP00000303208,0
4485,ENSP00000331897,0
4383,ENSP00000350256,0
51634,ENSP00000363397,1
5280723,ENSP00000344220,0
5311,ENSP00000329357,0
3337,ENSP00000336868,0
119461,ENSP00000345771,0
5359272,ENSP00000290765,0
4534,ENSP00000355866,0
3007,ENSP00000288699,0
5281708,ENSP00000320171,0
5626,ENSP00000392411,0
4631609,ENSP00000225740,0
439260,ENSP00000281806,1
6422124,ENSP00000320171,0
23925,ENSP00000366482,1
104842,ENSP00000232219,0
5288826,ENSP00000394624,1
2687,ENSP00000353770,0
439176,ENSP00000348459,0
3918,ENSP00000261514,0
74989,ENSP00000326219,0
312,ENSP00000278742,1
4920,ENSP00000395574,0
121850,ENSP00000365926,0
431328,ENSP00000250559,0
27991,ENSP00000412237,0
5281071,ENSP00000331103,0
838,ENSP00000328708,1
3086685,ENSP00000288135,1
644073,ENSP00000345771,0
23977,ENSP00000235382,1
2726,ENSP00000216714,0
4900,ENSP00000339933,0
60719,ENSP00000394624,0
838,ENSP00000332591,1
718,ENSP00000323071,0
23994,ENSP00000322788,1
16362,ENSP00000369960,1
5203,ENSP00000297261,0
60961,ENSP00000339933,1
1253,ENSP00000302486,0
3168,ENSP00000290597,0
4534,ENSP00000233627,0
1809,ENSP00000322924,1
5304,ENSP00000216465,0
1117,ENSP00000308938,1
107985,ENSP00000296861,0
6437849,ENSP00000314606,0
216239,ENSP00000324806,1
3198,ENSP00000350491,0
5645,ENSP00000305302,0
4631609,ENSP00000355866,0
4066,ENSP00000336630,0
4932,ENSP00000251535,0
5287844,ENSP00000377721,0
4919,ENSP00000354532,0
4782,ENSP00000316244,0
68740,ENSP00000391826,0
3585,ENSP00000357920,0
4402,ENSP00000178638,0
446512,ENSP00000418447,1
1117,ENSP00000348944,1
3912,ENSP00000296511,0
43815,ENSP00000370989,0
2215,ENSP00000280155,1
191,ENSP00000299565,0
5352,ENSP00000306920,0
4768,ENSP00000305372,1
23930,ENSP00000366488,1
643976,ENSP00000327268,1
4920,ENSP00000358301,0
2807,ENSP00000252996,0
643976,ENSP00000360773,0
91736,ENSP00000290866,1
5645,ENSP00000245312,1
4425,ENSP00000394624,1
4440,ENSP00000353770,0
5405,ENSP00000265724,1
5743,ENSP00000310701,0
23925,ENSP00000323071,0
6013,ENSP00000308032,1
16129679,ENSP00000330284,0
5281708,ENSP00000222382,0
11597571,ENSP00000301178,1
3350,ENSP00000361465,0
23994,ENSP00000349078,1
311,ENSP00000253792,1
5035,ENSP00000337915,1
312,ENSP00000443194,1
5284569,ENSP00000400175,0
3016,ENSP00000361423,0
446157,ENSP00000287936,1
4159,ENSP00000318351,0
4419,ENSP00000308583,0
4542,ENSP00000206249,1
1405,ENSP00000396308,1
2462,ENSP00000375893,0
439176,ENSP00000428426,0
1548999,ENSP00000307766,0
312,ENSP00000358022,1
2367,ENSP00000282841,0
1117,ENSP00000225577,1
501390,ENSP00000354280,0
1205,ENSP00000325120,0
5137129,ENSP00000410732,0
4184,ENSP00000265724,0
5095,ENSP00000227507,0
9395,ENSP00000324856,0
65750,ENSP00000222482,0
3603,ENSP00000261900,0
4639,ENSP00000234961,1
25201794,ENSP00000380247,0
43815,ENSP00000306490,1
3008,ENSP00000454071,0
27991,ENSP00000289957,0
134780,ENSP00000231948,1
2267,ENSP00000265724,1
178103,ENSP00000318355,0
59768,ENSP00000358301,1
15602694,ENSP00000236959,0
60919,ENSP00000367934,0
8230,ENSP00000306490,0
9865515,ENSP00000262306,0
4830,ENSP00000355046,0
5515,ENSP00000327070,0
838,ENSP00000358783,1
298,ENSP00000328708,1
50599,ENSP00000264595,0
445154,ENSP00000287820,1
1117,ENSP00000355330,1
10182969,ENSP00000310219,0
593,ENSP00000215587,1
11626560,ENSP00000353483,0
15602694,ENSP00000264047,0
9934,ENSP00000222382,0
10182969,ENSP00000364709,1
312,ENSP00000354511,1
3340,ENSP00000354280,0
119058,ENSP00000332887,1
679,ENSP00000181383,1
312,ENSP00000290765,1
3017,ENSP00000328777,0
4212,ENSP00000263774,0
122186,ENSP00000403852,0
3446,ENSP00000250378,0
1205,ENSP00000308032,0
312,ENSP00000216410,1
785,ENSP00000372023,0
5645,ENSP00000231487,0
679,ENSP00000256078,1
60785,ENSP00000367959,1
71301,ENSP00000354652,0
5497186,ENSP00000369050,0
23994,ENSP00000278742,0
5097,ENSP00000364212,0
4004,ENSP00000345774,0
6037,ENSP00000270139,0
6037,ENSP00000450560,1
447700,ENSP00000310701,0
1979,ENSP00000361965,0
1117,ENSP00000301645,1
4456,ENSP00000301645,0
19143,ENSP00000378890,0
4066,ENSP00000328973,0
1080,ENSP00000206249,1
1355,ENSP00000362608,0
68848,ENSP00000293761,0
23930,ENSP00000296411,1
134780,ENSP00000003100,0
23994,ENSP00000419692,1
158,ENSP00000310935,0
1983,ENSP00000419027,0
5538,ENSP00000447173,1
5936,ENSP00000264381,1
9803852,ENSP00000301891,0
3648,ENSP00000352222,0
424,ENSP00000382595,1
951,ENSP00000299766,1
6917908,ENSP00000412237,0
19143,ENSP00000320147,0
6279,ENSP00000336528,1
4383,ENSP00000369038,0
23994,ENSP00000314649,1
836,ENSP00000263923,0
4036,ENSP00000238379,0
23994,ENSP00000420269,1
360682,ENSP00000011653,0
1117,ENSP00000222002,1
130731,ENSP00000396308,1
5533,ENSP00000337335,0
11243969,ENSP00000258042,0
312145,ENSP00000263967,1
6047,ENSP00000342056,0
838,ENSP00000303686,1
5284627,ENSP00000337450,0
4585,ENSP00000354859,1
667490,ENSP00000318912,0
222528,ENSP00000000233,0
3363,ENSP00000369643,0
3107,ENSP00000266970,0
5139,ENSP00000327251,1
5533,ENSP00000380247,1
5287620,ENSP00000312326,0
5202,ENSP00000234961,1
33036,ENSP00000314508,0
16960,ENSP00000353915,0
4080,ENSP00000370270,0
3957,ENSP00000363832,0
5936,ENSP00000334052,0
4248,ENSP00000252519,0
890,ENSP00000217244,1
4926,ENSP00000357461,0
4430,ENSP00000337450,0
50599,ENSP00000200676,0
3086686,ENSP00000288135,1
126941,ENSP00000403852,0
2116,ENSP00000260324,0
5287969,ENSP00000262033,0
5284596,ENSP00000352584,0
107971,ENSP00000301634,0
5702160,ENSP00000229135,0
74989,ENSP00000297494,0
108156,ENSP00000406220,0
312,ENSP00000360968,1
9904,ENSP00000301891,0
5281969,ENSP00000328777,0
6013,ENSP00000360991,1
3219,ENSP00000268097,0
60809,ENSP00000322924,1
1979,ENSP00000362924,0
3962,ENSP00000261835,0
200,ENSP00000219919,0
33036,ENSP00000300093,0
3285,ENSP00000345023,0
24360,ENSP00000333534,0
2708,ENSP00000386456,0
4992,ENSP00000257904,0
60961,ENSP00000265572,1
5464105,ENSP00000288135,0
131432,ENSP00000234590,0
4992,ENSP00000293761,0
5562,ENSP00000295101,0
450,ENSP00000343925,1
71616,ENSP00000272298,0
2354,ENSP00000234590,0
3715,ENSP00000389414,1
4830,ENSP00000253122,0
26721,ENSP00000217185,0
121850,ENSP00000341189,0
5587,ENSP00000394624,0
3675,ENSP00000354499,0
2160,ENSP00000280155,1
10635,ENSP00000350198,0
5282280,ENSP00000330284,1
55283,ENSP00000327251,0
5284595,ENSP00000294973,0
68844,ENSP00000178638,1
2200,ENSP00000265465,0
3675,ENSP00000296122,0
4926,ENSP00000255380,1
745,ENSP00000356410,1
4666,ENSP00000225275,0
15602694,ENSP00000251849,0
54562,ENSP00000176183,1
3086671,ENSP00000416293,0
3494,ENSP00000325425,0
439260,ENSP00000349003,1
4584,ENSP00000335084,1
5472,ENSP00000274192,0
4495,ENSP00000209929,0
644073,ENSP00000364486,0
610,ENSP00000229277,0
23994,ENSP00000229794,1
838,ENSP00000275605,0
5755,ENSP00000365773,0
4422,ENSP00000394624,1
5587,ENSP00000248114,0
9917021,ENSP00000368572,0
2370,ENSP00000222481,0
4533,ENSP00000312189,0
16132139,ENSP00000419692,0
5281707,ENSP00000299267,0
5582,ENSP00000315644,1
2332,ENSP00000278742,1
4666,ENSP00000223129,0
5202,ENSP00000270349,1
5311018,ENSP00000245312,0
2088,ENSP00000251607,0
2725,ENSP00000360608,0
252716,ENSP00000371236,0
33036,ENSP00000330032,0
2249,ENSP00000368572,0
34359,ENSP00000370938,0
5562,ENSP00000333982,0
6726,ENSP00000317985,0
6623,ENSP00000336528,1
39860,ENSP00000312326,0
25197,ENSP00000361845,0
1071,ENSP00000216951,0
5329102,ENSP00000257290,1
5454,ENSP00000354859,1
5281037,ENSP00000268097,0
11243969,ENSP00000353731,1
54797,ENSP00000350785,0
158,ENSP00000258400,1
5330286,ENSP00000264193,0
3158,ENSP00000263368,0
4992,ENSP00000343782,0
961,ENSP00000266971,1
11597571,ENSP00000263800,1
1117,ENSP00000373884,1
3086685,ENSP00000257290,1
5011,ENSP00000348918,0
4184,ENSP00000258400,1
4629,ENSP00000311165,0
4946,ENSP00000337915,1
54562,ENSP00000325425,0
19861,ENSP00000288135,0
1065,ENSP00000356037,0
31307,ENSP00000412237,0
593,ENSP00000309649,0
23994,ENSP00000295400,1
1117,ENSP00000272298,1
3715,ENSP00000225275,1
54454,ENSP00000357907,0
1978,ENSP00000261669,0
2538,ENSP00000352835,0
5582,ENSP00000396308,1
5959,ENSP00000308549,1
2477,ENSP00000316244,1
2325,ENSP00000341117,0
2662,ENSP00000360549,0
42955,ENSP00000356671,0
8758,ENSP00000321988,0
4631609,ENSP00000267085,0
5195,ENSP00000340684,1
11597571,ENSP00000361423,1
1541,ENSP00000354652,1
134018,ENSP00000303575,0
191,ENSP00000318077,1
2687,ENSP00000370213,0
2160,ENSP00000219700,0
5022,ENSP00000386029,0
838,ENSP00000354859,1
2169,ENSP00000367309,0
55245,ENSP00000263368,0
3198,ENSP00000371236,0
1541,ENSP00000349003,1
5426,ENSP00000367309,0
4440,ENSP00000316244,1
16156130,ENSP00000318912,0
5581,ENSP00000303522,0
2160,ENSP00000366506,1
4429,ENSP00000265715,0
9824,ENSP00000385746,0
774,ENSP00000328708,1
16960,ENSP00000262848,0
104787,ENSP00000260227,0
996,ENSP00000376176,1
5484727,ENSP00000266971,0
72968,ENSP00000281806,0
1117,ENSP00000271450,1
5462134,ENSP00000379839,0
3219,ENSP00000323867,0
1117,ENSP00000353920,1
60719,ENSP00000265572,0
122186,ENSP00000248437,0
5311010,ENSP00000219700,0
1440,ENSP00000328708,0
4713,ENSP00000319501,0
5587,ENSP00000315011,0
5757,ENSP00000325120,1
3715,ENSP00000295897,1
253,ENSP00000381740,0
6433119,ENSP00000368645,0
3446,ENSP00000359211,0
3381,ENSP00000324740,0
6623,ENSP00000305974,0
679,ENSP00000428982,1
774,ENSP00000358783,1
158,ENSP00000273430,1
1615,ENSP00000383042,0
158,ENSP00000354859,1
3033538,ENSP00000257068,0
596,ENSP00000389948,1
16133831,ENSP00000347717,0
4036,ENSP00000323811,0
5281707,ENSP00000380252,0
6433119,ENSP00000346148,0
745,ENSP00000221130,1
45272686,ENSP00000367615,0
4528,ENSP00000354859,1
4419,ENSP00000234961,1
124087,ENSP00000320709,0
801,ENSP00000364486,0
9824,ENSP00000311032,1
5645,ENSP00000256078,0
1117,ENSP00000218758,1
5691,ENSP00000262584,0
2267,ENSP00000304697,0
3449,ENSP00000264381,1
285,ENSP00000323036,0
4423,ENSP00000398632,0
60919,ENSP00000216117,0
6230,ENSP00000252519,0
55245,ENSP00000358727,0
3449,ENSP00000344460,0
74989,ENSP00000327251,0
890,ENSP00000331103,1
5281605,ENSP00000240139,0
5163,ENSP00000362924,0
6324663,ENSP00000273430,1
5936,ENSP00000352900,0
51634,ENSP00000341189,0
702,ENSP00000297785,1
444008,ENSP00000265689,0
5056,ENSP00000269033,0
5311037,ENSP00000362401,0
3008,ENSP00000284440,0
10607,ENSP00000199280,0
5352,ENSP00000231487,0
5362436,ENSP00000396452,0
656772,ENSP00000360406,0
4946,ENSP00000316854,0
951,ENSP00000234371,1
123686,ENSP00000377948,0
107772,ENSP00000261755,0
5452,ENSP00000280155,1
311,ENSP00000358327,1
4066,ENSP00000332973,0
5588,ENSP00000336868,0
3108,ENSP00000224356,0
168572,ENSP00000349467,0
5203,ENSP00000306490,1
5022,ENSP00000370254,0
4106,ENSP00000356694,0
644077,ENSP00000386029,0
6437849,ENSP00000302967,0
191,ENSP00000199280,0
160355,ENSP00000302846,0
4261,ENSP00000297494,0
2333,ENSP00000379839,0
24267,ENSP00000379680,0
214,ENSP00000229447,0
144,ENSP00000389948,0
1117,ENSP00000330032,1
23994,ENSP00000282957,1
23994,ENSP00000353731,1
5329098,ENSP00000286301,1
9799888,ENSP00000386069,0
60961,ENSP00000245457,1
2551,ENSP00000333685,0
2854,ENSP00000216160,0
54688,ENSP00000382595,0
890,ENSP00000353920,1
4919,ENSP00000344220,0
68760,ENSP00000304501,0
16197727,ENSP00000451560,1
1130,ENSP00000312326,0
1134,ENSP00000273064,0
5149021,ENSP00000339435,0
784,ENSP00000368066,1
5533,ENSP00000258400,1
2914,ENSP00000301634,0
439260,ENSP00000359899,1
3985498,ENSP00000343690,0
158,ENSP00000296522,1
9865515,ENSP00000362649,1
2730,ENSP00000245552,0
3602,ENSP00000319984,1
4771,ENSP00000222673,0
3168,ENSP00000360541,0
23925,ENSP00000216117,1
4440,ENSP00000354728,0
6279,ENSP00000206249,1
2726,ENSP00000367934,0
5358,ENSP00000319984,0
3363,ENSP00000356591,0
2914,ENSP00000339260,0
38409,ENSP00000257248,0
439260,ENSP00000292513,1
312,ENSP00000361894,1
2550,ENSP00000264047,0
3000,ENSP00000264832,0
3391,ENSP00000393333,1
65076,ENSP00000301776,0
36462,ENSP00000316786,0
5283454,ENSP00000229135,0
129211,ENSP00000369141,0
3158,ENSP00000385746,0
3658,ENSP00000386284,0
5361092,ENSP00000304408,0
60787,ENSP00000380514,0
5202,ENSP00000335544,1
23994,ENSP00000262306,1
5076,ENSP00000333821,0
3602,ENSP00000466799,0
312,ENSP00000355517,1
71307,ENSP00000320503,0
3671,ENSP00000291294,0
2215,ENSP00000332679,0
92100,ENSP00000361125,0
3086686,ENSP00000386456,1
107688,ENSP00000339740,0
129806,ENSP00000362649,0
5358,ENSP00000316244,1
5381226,ENSP00000385746,0
5472,ENSP00000363431,0
2726,ENSP00000380247,1
1935,ENSP00000282397,0
5040,ENSP00000355192,0
59693,ENSP00000371067,0
444,ENSP00000398632,0
3304,ENSP00000228476,0
5363,ENSP00000297988,0
2267,ENSP00000380247,1
4850,ENSP00000316244,1
446155,ENSP00000320171,0
6000,ENSP00000256104,0
4106,ENSP00000280154,0
5568,ENSP00000258400,1
8646,ENSP00000361021,0
2119,ENSP00000301146,0
6037,ENSP00000369960,0
784,ENSP00000295400,0
564,ENSP00000403852,0
4184,ENSP00000303208,0
168572,ENSP00000222482,0
5288826,ENSP00000356713,0
3430,ENSP00000325312,1
312,ENSP00000227378,1
5533,ENSP00000377083,0
5284627,ENSP00000178638,1
723,ENSP00000261755,1
4850,ENSP00000315013,0
5329098,ENSP00000350198,0
16362,ENSP00000380247,1
4248,ENSP00000344818,0
3954,ENSP00000367408,0
104842,ENSP00000234371,0
4865,ENSP00000263126,0
892,ENSP00000408526,1
13342,ENSP00000380252,0
1701,ENSP00000309477,0
10836,ENSP00000275216,1
23925,ENSP00000251535,1
5284627,ENSP00000280701,0
5472495,ENSP00000289575,0
5284627,ENSP00000285979,0
5466,ENSP00000260682,0
1548999,ENSP00000336630,0
3386,ENSP00000367959,1
643976,ENSP00000368066,1
3449,ENSP00000263923,0
65110,ENSP00000346148,1
5281071,ENSP00000296522,0
4402,ENSP00000258385,0
166558,ENSP00000011292,0
2708,ENSP00000381607,1
1205,ENSP00000262178,0
1117,ENSP00000303830,1
679,ENSP00000261890,0
2761,ENSP00000380247,1
5472495,ENSP00000315011,0
2119,ENSP00000353720,0
1117,ENSP00000315644,1
3603,ENSP00000216465,0
5095,ENSP00000265294,0
119182,ENSP00000332816,0
43815,ENSP00000392859,0
3916,ENSP00000265465,0
151069,ENSP00000300093,0
54454,ENSP00000385834,0
35370,ENSP00000252029,1
60961,ENSP00000307766,1
1615,ENSP00000224356,0
28517,ENSP00000293897,0
5280961,ENSP00000325425,0
9395,ENSP00000023897,0
5475158,ENSP00000396452,0
53232,ENSP00000296511,0
6037,ENSP00000393333,0
5311037,ENSP00000359539,0
4908,ENSP00000216160,0
1134,ENSP00000301634,1
5352,ENSP00000442050,0
6918638,ENSP00000252029,0
4926,ENSP00000319984,1
33624,ENSP00000297261,0
45272686,ENSP00000350928,0
3404,ENSP00000331897,0
36920,ENSP00000360406,0
3684,ENSP00000273550,0
5035,ENSP00000325120,1
2771,ENSP00000369960,1
4946,ENSP00000371236,0
3158,ENSP00000221130,0
5530,ENSP00000216392,0
134018,ENSP00000254976,0
4168,ENSP00000377721,0
5282280,ENSP00000362353,0
1978,ENSP00000343782,1
53232,ENSP00000245206,0
216239,ENSP00000378890,0
4830,ENSP00000340684,0
3913,ENSP00000340523,0
4495,ENSP00000333685,0
121963,ENSP00000263621,1
951,ENSP00000272928,1
2519,ENSP00000358730,1
1051,ENSP00000262554,1
6918537,ENSP00000252945,0
3998,ENSP00000269385,0
5662,ENSP00000363229,1
23925,ENSP00000294973,1
1117,ENSP00000262320,1
784,ENSP00000228476,1
4595,ENSP00000337915,1
13342,ENSP00000265724,1
9799453,ENSP00000234590,0
1117,ENSP00000366124,1
28417,ENSP00000216392,0
446220,ENSP00000270349,1
424,ENSP00000355086,1
4584,ENSP00000324804,1
187,ENSP00000230882,0
311,ENSP00000235835,1
1224,ENSP00000260682,0
16129682,ENSP00000347495,0
5040,ENSP00000347754,0
23930,ENSP00000418447,1
7019,ENSP00000354612,0
5360515,ENSP00000263923,0
5775,ENSP00000369960,1
1541,ENSP00000330284,1
4850,ENSP00000343027,0
6337614,ENSP00000354511,0
3339,ENSP00000343782,0
4055,ENSP00000263126,0
838,ENSP00000255008,1
33036,ENSP00000418001,0
3823,ENSP00000219054,0
5282280,ENSP00000296545,0
445354,ENSP00000232219,1
439260,ENSP00000291294,1
312,ENSP00000256999,1
122187,ENSP00000267615,0
60852,ENSP00000408526,0
4926,ENSP00000409378,1
23994,ENSP00000366482,0
42955,ENSP00000302564,0
5656,ENSP00000250559,0
10280735,ENSP00000262340,0
564,ENSP00000328173,0
4380,ENSP00000367309,1
6291,ENSP00000323867,0
5486684,ENSP00000346827,0
4196,ENSP00000236959,0
3397,ENSP00000211122,0
444795,ENSP00000419692,1
5311067,ENSP00000348459,0
5512,ENSP00000258400,0
4742,ENSP00000343690,0
439260,ENSP00000293897,1
951,ENSP00000354859,1
208908,ENSP00000369141,0
3007,ENSP00000336630,1
5287969,ENSP00000354859,0
312,ENSP00000363621,1
3255,ENSP00000265724,1
191,ENSP00000333821,1
4630,ENSP00000331201,0
5282280,ENSP00000267377,1
4913,ENSP00000296511,0
4636,ENSP00000307766,1
3295,ENSP00000281806,0
399618,ENSP00000262352,0
60809,ENSP00000322421,0
2332,ENSP00000220809,1
942,ENSP00000384708,0
5202,ENSP00000292513,1
6037,ENSP00000215773,0
4636,ENSP00000369960,1
5288826,ENSP00000379680,0
5523,ENSP00000359793,0
6291,ENSP00000361021,0
3684,ENSP00000334592,0
4020,ENSP00000355086,0
166558,ENSP00000267845,0
15,ENSP00000321070,0
5361092,ENSP00000280154,0
3406,ENSP00000256594,0
252716,ENSP00000322924,0
191,ENSP00000254663,0
2405,ENSP00000263025,0
447700,ENSP00000360317,0
5677,ENSP00000310721,0
44404987,ENSP00000318912,0
5610,ENSP00000280551,0
6468,ENSP00000364486,0
5362436,ENSP00000263464,0
5281037,ENSP00000199280,0
4984,ENSP00000418447,0
4108,ENSP00000253122,0
444,ENSP00000270349,1
5691,ENSP00000356920,0
774,ENSP00000249041,1
65110,ENSP00000261007,0
643976,ENSP00000354813,1
9917021,ENSP00000337761,0
1541,ENSP00000265572,1
440120,ENSP00000269385,1
5959,ENSP00000354859,1
2735,ENSP00000348234,0
1117,ENSP00000303208,1
5314,ENSP00000278412,0
445154,ENSP00000368552,1
9826744,ENSP00000366093,0
7054,ENSP00000292513,0
122186,ENSP00000219240,0
3081361,ENSP00000431418,0
2244,ENSP00000267101,0
644073,ENSP00000225740,0
1117,ENSP00000354238,1
10836,ENSP00000306662,1
60719,ENSP00000258400,0
176870,ENSP00000269571,1
5283454,ENSP00000327801,0
745,ENSP00000345023,1
23930,ENSP00000367408,1
68844,ENSP00000366156,0
16133798,ENSP00000366525,0
3911,ENSP00000263182,0
312,ENSP00000285930,1
5311080,ENSP00000355206,0
2094,ENSP00000356920,0
3405,ENSP00000281806,0
160355,ENSP00000342385,0
2973,ENSP00000333982,0
60648,ENSP00000314441,0
2719,ENSP00000356438,0
6291,ENSP00000319984,0
3692,ENSP00000296122,0
5311023,ENSP00000225740,0
718,ENSP00000364475,1
47936,ENSP00000345659,0
4485,ENSP00000288139,1
774,ENSP00000280155,1
399618,ENSP00000354193,0
501390,ENSP00000308032,0
5029,ENSP00000222482,0
667490,ENSP00000360372,0
2405,ENSP00000256906,0
2726,ENSP00000362361,0
4980,ENSP00000309741,0
2099,ENSP00000253122,0
1117,ENSP00000261900,1
5486,ENSP00000288139,0
3337,ENSP00000367959,1
1117,ENSP00000216951,1
5284603,ENSP00000430269,0
281,ENSP00000362649,0
4919,ENSP00000257290,0
92100,ENSP00000222382,0
431328,ENSP00000301729,0
1253,ENSP00000203407,0
5894,ENSP00000364252,0
4829,ENSP00000355517,0
89594,ENSP00000299565,1
5775,ENSP00000216160,0
5524,ENSP00000356671,0
3748,ENSP00000302478,0
60842,ENSP00000299964,0
5202,ENSP00000291294,1
33036,ENSP00000222382,0
2239,ENSP00000319984,0
3278,ENSP00000408860,0
3455,ENSP00000444788,0
16132139,ENSP00000366488,0
123686,ENSP00000356671,0
23994,ENSP00000354532,1
4768,ENSP00000370526,0
3168,ENSP00000372654,0
4629,ENSP00000343690,0
6437849,ENSP00000347754,0
104858,ENSP00000262352,0
5362436,ENSP00000325690,0
4078,ENSP00000229416,0
312,ENSP00000278412,1
448537,ENSP00000325120,1
1979,ENSP00000253799,0
999,ENSP00000285930,1
1798,ENSP00000249016,0
4920,ENSP00000342850,1
3750,ENSP00000225740,0
28417,ENSP00000386029,0
64715,ENSP00000285979,0
6917908,ENSP00000385571,0
60961,ENSP00000255008,1
5288826,ENSP00000358511,1
3981,ENSP00000234310,0
3657,ENSP00000257904,0
158795,ENSP00000320709,0
25075996,ENSP00000323071,0
445354,ENSP00000219054,0
4885,ENSP00000367959,1
1134,ENSP00000313432,0
838,ENSP00000304414,1
2244,ENSP00000363431,0
4495,ENSP00000337761,0
2968,ENSP00000366093,0
2119,ENSP00000344193,0
784,ENSP00000225371,1
9576912,ENSP00000358525,0
4108,ENSP00000256906,0
1613,ENSP00000352584,1
3086686,ENSP00000293860,0
961,ENSP00000263621,0
1117,ENSP00000302564,1
3343,ENSP00000339960,0
2499,ENSP00000299964,0
1355,ENSP00000275300,0
4078,ENSP00000409378,1
23930,ENSP00000343782,0
667490,ENSP00000309591,0
16132139,ENSP00000451560,1
68844,ENSP00000242375,0
5097,ENSP00000339001,0
5056,ENSP00000332530,0
23994,ENSP00000358107,1
3385,ENSP00000291294,0
1440,ENSP00000358727,0
5330286,ENSP00000282397,0
1132,ENSP00000308720,0
5311018,ENSP00000356480,0
2564,ENSP00000372191,0
158,ENSP00000332591,1
444732,ENSP00000362674,1
5530,ENSP00000292301,0
114866,ENSP00000267568,0
4383,ENSP00000209668,0
9803852,ENSP00000216714,0
114903,ENSP00000229239,0
24360,ENSP00000354280,0
4425,ENSP00000234961,1
4108,ENSP00000297785,0
3086685,ENSP00000250416,0
1548999,ENSP00000435412,0
5593,ENSP00000367545,0
5588,ENSP00000274192,0
10267,ENSP00000298556,0
57537,ENSP00000354859,1
1072,ENSP00000288139,0
4112,ENSP00000393333,0
39042,ENSP00000268097,0
3158,ENSP00000343925,0
2165,ENSP00000355517,0
5865,ENSP00000216117,0
9966051,ENSP00000229239,0
9801640,ENSP00000353791,0
445420,ENSP00000319343,0
68760,ENSP00000273062,0
1979,ENSP00000232217,0
4585,ENSP00000358301,1
42955,ENSP00000364801,0
5894,ENSP00000262948,0
311,ENSP00000357986,1
60919,ENSP00000325312,0
5281004,ENSP00000336528,1
3086671,ENSP00000321845,0
4034,ENSP00000216465,0
1229,ENSP00000367959,1
44404987,ENSP00000362810,1
4495,ENSP00000354612,1
3086686,ENSP00000286301,1
3405,ENSP00000303575,0
5311,ENSP00000362674,1
65110,ENSP00000368439,0
4196,ENSP00000360541,0
9966051,ENSP00000335357,0
5359272,ENSP00000346671,0
214,ENSP00000305372,1
1117,ENSP00000349078,1
311,ENSP00000359991,1
311,ENSP00000267085,0
444008,ENSP00000206249,1
214,ENSP00000382021,0
72968,ENSP00000348461,0
564,ENSP00000308541,0
5095,ENSP00000280155,1
5870,ENSP00000353791,0
68760,ENSP00000398632,0
10517,ENSP00000222330,0
40841,ENSP00000369038,0
11597571,ENSP00000360645,0
158,ENSP00000350198,1
5284549,ENSP00000284562,0
1229,ENSP00000316244,1
5281071,ENSP00000338072,0
191,ENSP00000360317,0
23994,ENSP00000231751,1
1405,ENSP00000323036,0
59768,ENSP00000278412,0
431328,ENSP00000345771,0
2512,ENSP00000302111,0
836,ENSP00000337335,0
10635,ENSP00000345659,0
5770,ENSP00000244051,0
2854,ENSP00000260118,0
5311023,ENSP00000419692,0
119607,ENSP00000354612,1
50599,ENSP00000297988,0
4850,ENSP00000306866,0
3107,ENSP00000355645,0
3455,ENSP00000358107,0
51634,ENSP00000314508,1
1224,ENSP00000419851,0
679,ENSP00000215832,1
2215,ENSP00000316244,1
3671,ENSP00000342070,0
2405,ENSP00000336630,0
2564,ENSP00000249016,0
312,ENSP00000312326,1
2325,ENSP00000336630,0
60961,ENSP00000347942,1
4196,ENSP00000384296,0
3450,ENSP00000270139,0
1240,ENSP00000375892,0
312,ENSP00000248041,1
4768,ENSP00000321656,0
151069,ENSP00000269571,1
2995,ENSP00000358511,1
2477,ENSP00000320171,0
456201,ENSP00000229135,0
4108,ENSP00000346671,0
2685,ENSP00000381412,0
5514,ENSP00000265986,0
5281004,ENSP00000442050,0
4900,ENSP00000217961,0
104741,ENSP00000353099,0
4108,ENSP00000316244,0
26721,ENSP00000442050,0
2807,ENSP00000355206,0
3219,ENSP00000315644,0
610,ENSP00000306606,0
1541,ENSP00000363431,1
5514,ENSP00000284811,0
9824,ENSP00000252029,0
2512,ENSP00000292596,0
4811,ENSP00000356958,0
1117,ENSP00000247970,1
3386,ENSP00000292180,0
5581,ENSP00000298171,0
60961,ENSP00000272928,1
312,ENSP00000314606,1
312,ENSP00000308032,1
1117,ENSP00000337733,0
1541,ENSP00000331327,0
19910,ENSP00000255262,0
4248,ENSP00000380247,0
2267,ENSP00000250699,0
1117,ENSP00000227378,1
144,ENSP00000367959,1
51577,ENSP00000264382,1
5527,ENSP00000295055,0
2812,ENSP00000222481,0
444795,ENSP00000377947,1
5593,ENSP00000289753,0
5512,ENSP00000305372,0
5452,ENSP00000316244,1
50599,ENSP00000370129,0
3295,ENSP00000295087,0
745,ENSP00000216951,1
5662,ENSP00000326227,0
4189,ENSP00000357067,0
2088,ENSP00000394624,0
3962,ENSP00000253122,0
643976,ENSP00000276431,0
3158,ENSP00000344220,0
305,ENSP00000229447,0
2802,ENSP00000295897,0
50599,ENSP00000354532,1
3957,ENSP00000306490,0
208908,ENSP00000275493,1
4771,ENSP00000351755,0
1117,ENSP00000251810,1
123696,ENSP00000367309,0
160355,ENSP00000292180,0
1117,ENSP00000364114,1
3107,ENSP00000315644,0
10267,ENSP00000414334,0
312,ENSP00000299267,1
54693559,ENSP00000308750,0
55283,ENSP00000362576,0
667467,ENSP00000431049,0
9832383,ENSP00000242375,0
5578,ENSP00000307445,0
4212,ENSP00000409007,0
5566,ENSP00000337949,1
5329102,ENSP00000324740,1
1117,ENSP00000398632,1
108094,ENSP00000244137,0
3559,ENSP00000265729,0
1986,ENSP00000178638,1
2735,ENSP00000223366,0
60472,ENSP00000305372,0
68844,ENSP00000265715,0
2160,ENSP00000369960,1
424,ENSP00000265052,0
9878,ENSP00000339740,0
12560,ENSP00000354387,0
131432,ENSP00000365851,0
9576912,ENSP00000312663,0
9875401,ENSP00000330284,0
2978,ENSP00000339960,0
5203,ENSP00000285381,0
5011,ENSP00000265294,0
4080,ENSP00000212015,0
92100,ENSP00000377969,0
198792,ENSP00000304501,1
5329102,ENSP00000385571,1
444795,ENSP00000451605,0
4585,ENSP00000280155,1
593,ENSP00000442050,1
3857,ENSP00000303575,0
2995,ENSP00000337949,1
5709,ENSP00000265052,0
1065,ENSP00000360372,1
4993,ENSP00000301146,0
33036,ENSP00000351755,0
60961,ENSP00000303424,1
5287969,ENSP00000341551,0
155346,ENSP00000362401,0
4900,ENSP00000277942,0
1205,ENSP00000361423,0
4236,ENSP00000335084,0
314,ENSP00000253792,0
3000,ENSP00000231509,1
892,ENSP00000269159,1
24267,ENSP00000359211,0
11301,ENSP00000263368,0
4992,ENSP00000358730,1
23994,ENSP00000303423,1
1983,ENSP00000267085,0
2244,ENSP00000369038,0
3981,ENSP00000316244,1
2215,ENSP00000386069,1
5525,ENSP00000342056,0
838,ENSP00000226413,1
5677,ENSP00000264382,1
5284596,ENSP00000286301,0
9815499,ENSP00000347754,0
3998,ENSP00000328835,0
4920,ENSP00000321845,0
4423,ENSP00000234961,1
5149021,ENSP00000360519,0
4829,ENSP00000363216,0
5587,ENSP00000303208,0
2519,ENSP00000261523,0
1983,ENSP00000023897,0
961,ENSP00000232217,1
4768,ENSP00000428982,0
10140,ENSP00000368438,0
838,ENSP00000369960,1
890,ENSP00000245457,0
285,ENSP00000307900,0
679,ENSP00000305714,1
3034010,ENSP00000358223,1
951,ENSP00000218721,1
2099,ENSP00000354387,0
445643,ENSP00000350928,0
2995,ENSP00000360541,0
72430,ENSP00000399168,0
3954,ENSP00000234961,1
3916,ENSP00000375892,0
3337,ENSP00000306662,1
4440,ENSP00000332816,0
5282280,ENSP00000272928,1
5137129,ENSP00000394624,1
4865,ENSP00000359532,0
2160,ENSP00000274547,0
2761,ENSP00000319984,0
3255,ENSP00000307445,0
5311,ENSP00000217961,0
5282279,ENSP00000360608,0
104741,ENSP00000295101,0
4078,ENSP00000319984,1
54693559,ENSP00000305372,0
4080,ENSP00000206249,1
5163,ENSP00000265729,0
643976,ENSP00000229447,1
446220,ENSP00000257904,0
71739,ENSP00000366506,0
446512,ENSP00000301776,0
5584,ENSP00000155840,0
2512,ENSP00000316244,1
322,ENSP00000306606,0
55482,ENSP00000264047,0
122187,ENSP00000286301,0
5761,ENSP00000316244,1
1809,ENSP00000337949,1
5267,ENSP00000216160,0
4159,ENSP00000351908,0
4184,ENSP00000280155,1
5022,ENSP00000305714,0
951,ENSP00000291294,1
774,ENSP00000332591,1
4595,ENSP00000394624,1
5486827,ENSP00000394624,1
158,ENSP00000303775,1
121850,ENSP00000229277,0
4828,ENSP00000360635,0
125017,ENSP00000304767,0
9933475,ENSP00000377948,0
718,ENSP00000265052,0
9966051,ENSP00000349078,0
2375,ENSP00000332973,0
4098,ENSP00000279488,0
4168,ENSP00000253799,0
4495,ENSP00000227378,0
5770,ENSP00000367959,1
5581,ENSP00000225430,0
5186,ENSP00000362649,1
23994,ENSP00000222481,1
191,ENSP00000358814,1
3762,ENSP00000286621,0
4402,ENSP00000276651,0
1204,ENSP00000261007,1
360682,ENSP00000265715,0
5311081,ENSP00000352702,0
60809,ENSP00000361405,0
1935,ENSP00000278412,0
4036,ENSP00000302478,0
5691,ENSP00000369100,0
9576912,ENSP00000286301,0
4098,ENSP00000334145,0
3962,ENSP00000349576,0
3615,ENSP00000256906,1
6215,ENSP00000292180,0
71307,ENSP00000269159,0
15897,ENSP00000353679,0
5472,ENSP00000363092,0
5363,ENSP00000393333,0
36736,ENSP00000363812,0
6230,ENSP00000286621,0
5959,ENSP00000386069,1
2239,ENSP00000260227,0
951,ENSP00000338072,1
123686,ENSP00000308549,0
54693559,ENSP00000289753,0
252716,ENSP00000306490,0
5593,ENSP00000299529,0
92100,ENSP00000216392,0
122296,ENSP00000378295,0
10133,ENSP00000357907,0
5149021,ENSP00000261523,0
312,ENSP00000357981,1
1117,ENSP00000372191,1
9824,ENSP00000430269,0
123878,ENSP00000360991,0
25075996,ENSP00000322909,0
148211,ENSP00000417980,0
305,ENSP00000286479,0
5770,ENSP00000327251,0
2548,ENSP00000309591,0
5310960,ENSP00000380247,0
23994,ENSP00000181383,1
60648,ENSP00000430269,0
71307,ENSP00000322788,0
19861,ENSP00000361423,0
23994,ENSP00000332973,1
122296,ENSP00000376177,0
5426,ENSP00000245312,0
3657,ENSP00000200676,0
3957,ENSP00000217244,0
446155,ENSP00000261523,0
3954,ENSP00000270349,0
2160,ENSP00000319984,1
5527,ENSP00000451560,0
3198,ENSP00000337915,1
15,ENSP00000262545,0
3394,ENSP00000403852,0
5280961,ENSP00000364831,0
10635,ENSP00000321999,0
3671,ENSP00000364721,0
3463,ENSP00000294973,0
5959,ENSP00000307766,1
1117,ENSP00000353165,1
2662,ENSP00000356438,1
1548943,ENSP00000325548,0
961,ENSP00000321334,0
4184,ENSP00000306390,0
23930,ENSP00000264382,0
312,ENSP00000265572,1
253,ENSP00000419027,1
3385,ENSP00000330032,1
446157,ENSP00000270570,0
3363,ENSP00000261007,0
59768,ENSP00000306662,0
941361,ENSP00000272190,0
6917655,ENSP00000245457,0
774,ENSP00000303775,1
3985498,ENSP00000307766,0
4911,ENSP00000222002,0
10635,ENSP00000287022,0
774,ENSP00000265572,1
60809,ENSP00000310071,0
130731,ENSP00000330284,0
941361,ENSP00000355517,0
122186,ENSP00000380247,0
3913,ENSP00000349576,0
60961,ENSP00000289753,1
1148,ENSP00000296412,0
4011,ENSP00000369960,1
5405,ENSP00000319984,1
200,ENSP00000335620,0
4419,ENSP00000356958,0
312,ENSP00000345873,1
5983,ENSP00000350785,0
444795,ENSP00000363812,1
838,ENSP00000306662,1
5568,ENSP00000306490,1
2978,ENSP00000216194,0
3547,ENSP00000355920,0
5202,ENSP00000358511,1
91649,ENSP00000324856,0
200,ENSP00000221130,0
4926,ENSP00000340684,0
55482,ENSP00000248437,0
23994,ENSP00000228434,1
4108,ENSP00000409378,1
60961,ENSP00000261900,1
6089,ENSP00000238018,0
3033538,ENSP00000335620,0
5936,ENSP00000295101,0
2909,ENSP00000407546,0
5408,ENSP00000369050,1
3433,ENSP00000409007,0
5515,ENSP00000338018,1
158,ENSP00000377948,1
6623,ENSP00000334145,0
23994,ENSP00000345659,1
122033,ENSP00000010404,0
4044,ENSP00000329374,1
4782,ENSP00000301645,0
51577,ENSP00000404029,0
5523,ENSP00000301729,0
54454,ENSP00000256958,1
15209,ENSP00000231509,1
456201,ENSP00000273064,0
5329102,ENSP00000356972,0
3255,ENSP00000344220,0
2761,ENSP00000263464,0
25075996,ENSP00000358727,0
5284569,ENSP00000402084,0
439260,ENSP00000307766,1
158,ENSP00000272928,1
5281969,ENSP00000363596,1
4192,ENSP00000321999,0
1546,ENSP00000234454,0
4635,ENSP00000228434,0
3343,ENSP00000319984,0
387316,ENSP00000260118,0
2083,ENSP00000255380,0
85,ENSP00000312189,1
424,ENSP00000360549,1
3658,ENSP00000219054,0
3433,ENSP00000285949,0
3915,ENSP00000399168,0
5538,ENSP00000360317,1
2854,ENSP00000287936,1
3602,ENSP00000278412,0
750,ENSP00000384296,1
11243969,ENSP00000318077,0
3559,ENSP00000264047,0
1117,ENSP00000364801,1
3086686,ENSP00000301178,1
6437850,ENSP00000292147,0
5311304,ENSP00000335620,0
2499,ENSP00000303522,0
2230,ENSP00000394624,0
4108,ENSP00000216117,0
119058,ENSP00000297991,0
33036,ENSP00000289753,0
77992,ENSP00000377947,0
3385,ENSP00000362481,1
9799888,ENSP00000224356,1
4745,ENSP00000306662,1
5381226,ENSP00000272102,0
3404,ENSP00000353720,0
774,ENSP00000243911,1
21722,ENSP00000230671,0
312145,ENSP00000300093,1
252716,ENSP00000269033,0
178013,ENSP00000274192,1
755,ENSP00000176183,0
64715,ENSP00000334145,0
1541,ENSP00000287907,1
312,ENSP00000349078,1
593,ENSP00000366156,0
158,ENSP00000241256,1
298,ENSP00000267377,1
4631,ENSP00000380247,0
4630,ENSP00000409378,1
16129679,ENSP00000327246,1
23994,ENSP00000337733,1
312145,ENSP00000216117,0
3043,ENSP00000358223,0
702,ENSP00000370270,0
5202,ENSP00000303424,1
4402,ENSP00000358730,1
5645,ENSP00000302811,0
4159,ENSP00000245312,0
4369359,ENSP00000292180,0
1979,ENSP00000286621,0
3918,ENSP00000312189,0
755,ENSP00000365773,0
643976,ENSP00000317159,1
702,ENSP00000249396,1
33036,ENSP00000287907,0
26644,ENSP00000268251,0
5508,ENSP00000285930,1
4066,ENSP00000347495,0
2230,ENSP00000361405,0
9815499,ENSP00000236959,0
5487,ENSP00000386069,1
312,ENSP00000310219,1
3869,ENSP00000305372,1
5137129,ENSP00000369530,0
1148,ENSP00000358022,0
439260,ENSP00000386069,1
3463,ENSP00000234961,0
2719,ENSP00000238018,0
3158,ENSP00000380247,1
1051,ENSP00000350928,1
4248,ENSP00000258385,0
5361092,ENSP00000339933,0
125017,ENSP00000360541,0
5311080,ENSP00000227378,0
3410,ENSP00000304767,0
3671,ENSP00000334592,0
5524,ENSP00000253792,0
104842,ENSP00000268379,0
156391,ENSP00000269466,0
3404,ENSP00000377721,0
5775,ENSP00000364289,0
5530,ENSP00000380514,0
4745,ENSP00000372023,0
7054,ENSP00000364709,0
192314,ENSP00000264690,0
838,ENSP00000336630,1
3559,ENSP00000315212,0
3916,ENSP00000262584,0
1117,ENSP00000263025,1
2854,ENSP00000217961,0
3198,ENSP00000003100,1
3916,ENSP00000260356,0
1240,ENSP00000311876,0
132624,ENSP00000336630,1
5287969,ENSP00000370938,1
108094,ENSP00000229239,0
1548992,ENSP00000317159,0
311,ENSP00000383840,1
6037,ENSP00000341390,0
10635,ENSP00000323549,0
4885,ENSP00000316244,1
3585,ENSP00000264047,1
4639,ENSP00000335304,0
4946,ENSP00000314508,0
5287969,ENSP00000315212,0
191,ENSP00000354859,1
1117,ENSP00000266971,1
4993,ENSP00000322617,0
3916,ENSP00000368066,0
59768,ENSP00000358730,0
5894,ENSP00000306866,0
3433,ENSP00000341117,0
10635,ENSP00000466799,1
1986,ENSP00000345771,0
216235,ENSP00000384400,0
31703,ENSP00000366416,0
100516,ENSP00000217185,0
444732,ENSP00000337450,0
4992,ENSP00000380247,1
54454,ENSP00000265016,0
1548886,ENSP00000285930,1
68844,ENSP00000001008,0
68848,ENSP00000367959,1
122033,ENSP00000350928,0
5959,ENSP00000176183,1
4055,ENSP00000330284,0
3463,ENSP00000255380,0
1983,ENSP00000354612,1
439260,ENSP00000335544,1
5202,ENSP00000354687,0
68844,ENSP00000285379,1
4829,ENSP00000245457,0
2662,ENSP00000260682,1
3308,ENSP00000366488,0
3016,ENSP00000203407,0
60809,ENSP00000061240,0
25077992,ENSP00000265572,1
3386,ENSP00000255380,1
3086685,ENSP00000308541,0
5770,ENSP00000354859,1
679,ENSP00000223095,1
191,ENSP00000216911,1
72438,ENSP00000396308,1
92730,ENSP00000266970,0
1117,ENSP00000364597,1
2118,ENSP00000359151,0
119380,ENSP00000300093,0
1541,ENSP00000255262,1
4100,ENSP00000365160,0
191,ENSP00000338072,1
312,ENSP00000296509,1
5137129,ENSP00000265572,1
3762,ENSP00000353452,0
5329098,ENSP00000288135,1
11243969,ENSP00000226413,0
4034,ENSP00000280551,0
2156,ENSP00000402084,0
5593,ENSP00000308549,0
4976,ENSP00000358730,1
5311304,ENSP00000343782,0
3081361,ENSP00000363397,0
23930,ENSP00000181383,0
838,ENSP00000322924,1
3827,ENSP00000262848,0
5362436,ENSP00000312189,0
312145,ENSP00000382697,0
54688,ENSP00000368066,0
5280961,ENSP00000312189,0
23994,ENSP00000240139,1
151166,ENSP00000354612,1
443408,ENSP00000276651,0
60961,ENSP00000322924,1
5691,ENSP00000370938,0
3916,ENSP00000306662,1
2405,ENSP00000255380,0
4885,ENSP00000389948,0
446155,ENSP00000287936,1
2726,ENSP00000301634,0
12560,ENSP00000265724,1
1548999,ENSP00000322924,0
444795,ENSP00000360317,1
152945,ENSP00000354238,0
439260,ENSP00000350198,1
57537,ENSP00000231487,0
11597571,ENSP00000362608,0
64715,ENSP00000287936,1
5485199,ENSP00000370270,0
4528,ENSP00000270349,1
5202,ENSP00000328708,1
5361092,ENSP00000306512,0
3827,ENSP00000380247,1
5137129,ENSP00000307241,0
37464,ENSP00000353920,0
3168,ENSP00000337733,0
4920,ENSP00000341390,1
2550,ENSP00000369816,0
4095,ENSP00000248041,0
3682,ENSP00000378323,0
23994,ENSP00000330237,1
564,ENSP00000321334,1
5363,ENSP00000249016,0
5376,ENSP00000336528,1
4927,ENSP00000380247,1
2726,ENSP00000256906,1
47811,ENSP00000379839,0
2131,ENSP00000303575,0
23994,ENSP00000386284,1
1978,ENSP00000318585,0
23930,ENSP00000261733,1
3008,ENSP00000267615,0
4430,ENSP00000267615,0
3404,ENSP00000261835,1
3603,ENSP00000312735,0
54459,ENSP00000308583,0
4100,ENSP00000264382,0
114854,ENSP00000308549,1
27400,ENSP00000363115,0
4066,ENSP00000254301,0
5352624,ENSP00000319730,0
314,ENSP00000360939,1
4900,ENSP00000221742,0
5497186,ENSP00000315212,0
18830,ENSP00000260682,0
3692,ENSP00000401508,0
6013,ENSP00000370129,1
6623,ENSP00000405965,0
187,ENSP00000409378,1
11626560,ENSP00000263800,1
2487,ENSP00000284440,0
5376,ENSP00000254663,0
1117,ENSP00000332530,1
15602694,ENSP00000307235,0
92411,ENSP00000327251,0
171548,ENSP00000346148,0
4440,ENSP00000360538,0
5556,ENSP00000359693,0
3241,ENSP00000384708,0
4830,ENSP00000267085,0
312,ENSP00000327070,1
8230,ENSP00000324270,1
27991,ENSP00000338072,1
5281888,ENSP00000234961,0
1548992,ENSP00000364361,0
33624,ENSP00000358301,1
4106,ENSP00000287907,1
60961,ENSP00000337949,1
5401,ENSP00000315011,1
1117,ENSP00000287820,1
1798,ENSP00000178638,1
5381226,ENSP00000310721,0
5358,ENSP00000287907,1
439260,ENSP00000393333,1
5329098,ENSP00000384400,0
596,ENSP00000265052,0
305,ENSP00000407546,1
23994,ENSP00000225577,1
2169,ENSP00000306662,1
4036,ENSP00000276373,0
4920,ENSP00000451605,0
3350,ENSP00000261326,0
72271,ENSP00000358301,0
25075996,ENSP00000332530,0
4159,ENSP00000338072,0
1613,ENSP00000358596,0
446220,ENSP00000225504,0
5078,ENSP00000345774,0
66414,ENSP00000355517,0
5310960,ENSP00000325312,0
5582,ENSP00000218721,0
5056,ENSP00000356438,1
2239,ENSP00000277120,0
312,ENSP00000289004,1
281,ENSP00000358525,0
114999,ENSP00000261890,0
60791,ENSP00000356972,0
2812,ENSP00000003100,1
16156130,ENSP00000355046,0
4168,ENSP00000354612,0
1440,ENSP00000369530,1
3517,ENSP00000386069,1
23994,ENSP00000308541,1
3086685,ENSP00000286301,1
1287,ENSP00000362924,0
5374,ENSP00000324124,0
644077,ENSP00000312326,0
298,ENSP00000255008,1
92100,ENSP00000356022,1
10607,ENSP00000310219,0
5311080,ENSP00000265572,1
1893,ENSP00000358327,0
2826,ENSP00000362674,0
57537,ENSP00000245312,0
200,ENSP00000306390,0
3107,ENSP00000381717,0
1117,ENSP00000334052,1
5677,ENSP00000360154,0
3918,ENSP00000351410,0
4419,ENSP00000321821,0
5588,ENSP00000365773,0
74989,ENSP00000311291,0
1071,ENSP00000358730,0
11597571,ENSP00000010404,0
5656,ENSP00000370989,0
4629,ENSP00000332591,0
2169,ENSP00000219070,0
5022,ENSP00000381607,0
457954,ENSP00000333994,0
104741,ENSP00000265164,0
6433119,ENSP00000358223,0
4927,ENSP00000256906,1
838,ENSP00000304501,1
5472495,ENSP00000285930,1
23930,ENSP00000366156,0
5097,ENSP00000257904,1
4036,ENSP00000266970,0
996,ENSP00000337450,0
4114,ENSP00000339260,0
4768,ENSP00000306662,1
5202,ENSP00000394624,1
3086686,ENSP00000362608,1
5361092,ENSP00000265572,1
1287,ENSP00000407546,0
23994,ENSP00000309845,1
5352,ENSP00000299847,0
2462,ENSP00000375892,0
4788,ENSP00000368066,0
156391,ENSP00000360541,0
564,ENSP00000255008,0
5480230,ENSP00000265572,1
5280723,ENSP00000335511,0
5452,ENSP00000362608,1
1541,ENSP00000394624,1
3869,ENSP00000263182,0
5452,ENSP00000225831,0
5311023,ENSP00000295256,0
1798,ENSP00000270139,0
5709,ENSP00000386069,1
5278,ENSP00000376611,0
4992,ENSP00000311572,0
2968,ENSP00000383042,0
3912,ENSP00000280551,0
1349907,ENSP00000418603,0
5202,ENSP00000256906,1
71739,ENSP00000176183,0
27400,ENSP00000316244,1
593,ENSP00000403852,1
2802,ENSP00000359151,0
4100,ENSP00000339503,0
60825,ENSP00000222002,0
4629,ENSP00000240139,0
593,ENSP00000361642,1
2160,ENSP00000333994,0
801,ENSP00000329374,0
3918,ENSP00000225430,0
5311010,ENSP00000348944,0
4106,ENSP00000264193,0
2370,ENSP00000441600,0
2756,ENSP00000270570,1
6623,ENSP00000371929,0
4595,ENSP00000260356,0
23994,ENSP00000319730,0
158,ENSP00000280155,1
31307,ENSP00000272928,0
43815,ENSP00000335620,0
951,ENSP00000393333,1
36462,ENSP00000264932,0
4889,ENSP00000256958,1
5329098,ENSP00000263800,1
311,ENSP00000406220,1
5282280,ENSP00000292301,1
123015,ENSP00000251849,0
5523,ENSP00000001008,0
9865515,ENSP00000417214,0
890,ENSP00000337915,0
31307,ENSP00000218516,0
36920,ENSP00000289957,0
54586,ENSP00000261465,0
2726,ENSP00000331736,0
392622,ENSP00000366482,0
679,ENSP00000324806,1
941651,ENSP00000354859,1
178103,ENSP00000405965,0
439302,ENSP00000297991,0
2685,ENSP00000216392,0
3308,ENSP00000328973,0
2435,ENSP00000377549,0
9801640,ENSP00000392859,0
4927,ENSP00000282957,0
124087,ENSP00000380247,1
1614,ENSP00000261900,0
3255,ENSP00000339740,0
5310960,ENSP00000366416,0
5677,ENSP00000234371,0
4828,ENSP00000375892,0
698,ENSP00000258385,0
774,ENSP00000305372,1
104973,ENSP00000316854,0
4422,ENSP00000364361,0
1117,ENSP00000245960,1
104973,ENSP00000364475,0
937,ENSP00000381412,0
4380,ENSP00000351484,0
439260,ENSP00000362810,1
31307,ENSP00000368066,0
85,ENSP00000311469,0
151166,ENSP00000358107,0
68760,ENSP00000219054,0
4829,ENSP00000010404,0
6834,ENSP00000290765,0
4885,ENSP00000356480,0
5056,ENSP00000368552,1
3290,ENSP00000361965,0
47318,ENSP00000324804,0
1798,ENSP00000342235,0
2524,ENSP00000362344,0
3304,ENSP00000325120,1
5202,ENSP00000217270,1
4630,ENSP00000351706,0
5077,ENSP00000155840,0
10096344,ENSP00000380514,0
5770,ENSP00000343190,0
5472,ENSP00000346577,0
312,ENSP00000369050,1
3494,ENSP00000409378,1
26721,ENSP00000335261,0
312,ENSP00000373918,1
11804285,ENSP00000394624,1
104741,ENSP00000248437,0
53232,ENSP00000307445,0
9904,ENSP00000325120,1
5210,ENSP00000270349,1
178013,ENSP00000395473,0
1117,ENSP00000344193,1
596,ENSP00000227868,0
21722,ENSP00000391826,0
4850,ENSP00000280155,1
115146,ENSP00000362361,0
5311081,ENSP00000394624,1
2548,ENSP00000221130,0
951,ENSP00000265572,1
5374,ENSP00000012443,0
3007,ENSP00000358301,1
3086686,ENSP00000200676,0
774,ENSP00000299766,1
1349907,ENSP00000354728,0
5743,ENSP00000357066,0
2239,ENSP00000305372,1
1548886,ENSP00000307900,0
64627,ENSP00000277865,0
26757,ENSP00000385571,0
54459,ENSP00000316244,1
3035905,ENSP00000337450,0
5352,ENSP00000419851,0
72968,ENSP00000295400,0
2156,ENSP00000292147,0
1546,ENSP00000343027,0
392622,ENSP00000265724,1
2689,ENSP00000351905,0
5076,ENSP00000245312,0
10607,ENSP00000323071,0
3658,ENSP00000367615,0
119607,ENSP00000238018,0
4850,ENSP00000332816,0
281,ENSP00000305372,0
3883,ENSP00000336687,0
213023,ENSP00000378394,0
5281708,ENSP00000229135,0
5572,ENSP00000300093,0
1117,ENSP00000217244,1
3406,ENSP00000252945,1
23994,ENSP00000292147,1
39042,ENSP00000303522,0
1117,ENSP00000221466,1
3715,ENSP00000256906,1
4742,ENSP00000280154,0
4984,ENSP00000373715,0
392622,ENSP00000237858,0
5464105,ENSP00000354511,1
2761,ENSP00000322898,0
4042,ENSP00000267101,0
5011,ENSP00000364831,0
5770,ENSP00000307766,0
1117,ENSP00000381717,1
2215,ENSP00000258400,1
4615,ENSP00000253122,0
312,ENSP00000366124,1
5523,ENSP00000256443,0
439260,ENSP00000328708,1
72172,ENSP00000324124,0
312,ENSP00000354387,1
1548886,ENSP00000285379,0
4106,ENSP00000307766,1
3255,ENSP00000321070,0
36462,ENSP00000311032,1
216239,ENSP00000377947,0
36314,ENSP00000245552,0
158,ENSP00000367959,1
838,ENSP00000324270,1
312,ENSP00000311572,1
28417,ENSP00000324806,0
23994,ENSP00000226730,1
6918837,ENSP00000302967,1
444020,ENSP00000447378,1
2249,ENSP00000310928,0
439302,ENSP00000329357,0
6834,ENSP00000255380,1
667490,ENSP00000369643,0
5282280,ENSP00000234961,1
5281605,ENSP00000332659,0
192314,ENSP00000273430,1
718,ENSP00000386284,0
9270,ENSP00000262178,0
2725,ENSP00000380247,1
54562,ENSP00000357986,0
2333,ENSP00000252996,0
2116,ENSP00000323811,0
836,ENSP00000448059,1
1117,ENSP00000334145,1
441300,ENSP00000351273,0
3343,ENSP00000358301,1
644077,ENSP00000335592,0
4189,ENSP00000337915,1
4713,ENSP00000343190,0
3547,ENSP00000333994,0
4184,ENSP00000351035,0
123015,ENSP00000263800,1
4636,ENSP00000332887,0
4585,ENSP00000311291,0
951,ENSP00000216330,0
1613,ENSP00000431418,0
774,ENSP00000338072,1
393599,ENSP00000313420,0
399618,ENSP00000267549,0
5485199,ENSP00000360290,0
5311304,ENSP00000217270,0
37464,ENSP00000314407,0
5770,ENSP00000366093,0
447700,ENSP00000260447,0
3602,ENSP00000361642,0
6010,ENSP00000242375,0
750,ENSP00000363092,1
3343,ENSP00000322788,0
8646,ENSP00000327246,0
4402,ENSP00000304501,1
5870,ENSP00000229135,0
3915,ENSP00000264193,0
5894,ENSP00000343690,0
610,ENSP00000005178,0
23930,ENSP00000350785,1
446512,ENSP00000312663,0
1134,ENSP00000265465,0
3154,ENSP00000377192,0
179837,ENSP00000273588,0
10267,ENSP00000318912,0
23925,ENSP00000300738,1
5894,ENSP00000357204,0
4691,ENSP00000302486,0
4485,ENSP00000355192,1
41987,ENSP00000248437,0
2160,ENSP00000306490,1
5508,ENSP00000369050,0
10280735,ENSP00000354652,0
643976,ENSP00000243911,0
2119,ENSP00000386456,0
1355,ENSP00000219919,0
456201,ENSP00000357067,0
1701,ENSP00000356591,0
6917908,ENSP00000343925,0
5311080,ENSP00000394624,1
119058,ENSP00000290349,0
643976,ENSP00000354554,1
2153,ENSP00000319501,0
5330286,ENSP00000270570,0
1978,ENSP00000319984,0
4920,ENSP00000370129,1
5282280,ENSP00000349003,1
5280961,ENSP00000222330,0
2719,ENSP00000216484,0
108094,ENSP00000386456,0
774,ENSP00000303686,1
444,ENSP00000373715,0
2561,ENSP00000301974,0
3033538,ENSP00000254066,0
60961,ENSP00000275216,1
679,ENSP00000369134,0
3241,ENSP00000360635,0
3238,ENSP00000359899,0
643976,ENSP00000265294,0
59693,ENSP00000303147,0
5311037,ENSP00000263464,0
1117,ENSP00000296411,1
1917,ENSP00000319814,0
5202,ENSP00000350256,1
5426,ENSP00000238379,0
43815,ENSP00000362924,0
298,ENSP00000281806,1
5035,ENSP00000304501,0
4011,ENSP00000380247,1
23925,ENSP00000381607,1
10133,ENSP00000251607,0
4122,ENSP00000264595,0
4419,ENSP00000367934,0
16960,ENSP00000275216,0
1117,ENSP00000358595,1
610,ENSP00000264932,0
6013,ENSP00000301146,1
4122,ENSP00000408526,0
2354,ENSP00000285379,0
125017,ENSP00000287936,0
5284596,ENSP00000394624,1
5475158,ENSP00000367959,1
5790,ENSP00000277865,0
1117,ENSP00000376176,1
392622,ENSP00000301146,0
4296,ENSP00000289753,1
439260,ENSP00000333821,1
26879,ENSP00000226413,0
656629,ENSP00000282096,0
2978,ENSP00000216392,0
1541,ENSP00000304414,1
3394,ENSP00000248437,0
5311010,ENSP00000280700,0
6324663,ENSP00000238379,0
9871419,ENSP00000287022,0
4095,ENSP00000254301,0
2499,ENSP00000349687,1
447700,ENSP00000351905,0
1117,ENSP00000344220,1
2160,ENSP00000358301,1
5581,ENSP00000354859,0
34359,ENSP00000256594,0
5486827,ENSP00000300738,0
3086686,ENSP00000332816,1
23994,ENSP00000351682,1
107807,ENSP00000290866,1
23930,ENSP00000231751,1
5282280,ENSP00000386069,1
1065,ENSP00000337915,1
72430,ENSP00000367408,0
3857,ENSP00000293897,0
441314,ENSP00000447378,1
2750,ENSP00000334592,0
2564,ENSP00000306490,1
5452,ENSP00000409378,1
745,ENSP00000241337,1
60961,ENSP00000257254,1
5381226,ENSP00000338072,0
439260,ENSP00000255008,1
5284595,ENSP00000263025,0
5284569,ENSP00000255380,0
4080,ENSP00000363216,0
774,ENSP00000358730,1
5584,ENSP00000265016,0
5381,ENSP00000324124,0
9966051,ENSP00000367934,0
593,ENSP00000312735,1
4168,ENSP00000361465,0
657378,ENSP00000331746,0
2215,ENSP00000363621,0
448537,ENSP00000360773,0
3692,ENSP00000236959,0
951,ENSP00000358730,1
114683,ENSP00000231751,1
100516,ENSP00000219919,0
1117,ENSP00000335620,1
3017,ENSP00000369141,0
439260,ENSP00000304414,1
144,ENSP00000333568,0
3001028,ENSP00000299267,0
1405,ENSP00000431418,0
216235,ENSP00000371929,0
1117,ENSP00000360645,1
34521,ENSP00000371554,0
23994,ENSP00000322909,1
2818,ENSP00000289753,1
5790,ENSP00000270349,0
448537,ENSP00000367959,1
60785,ENSP00000234454,0
3964,ENSP00000285979,0
1205,ENSP00000255380,1
3748,ENSP00000291294,0
312,ENSP00000343690,1
25075996,ENSP00000318355,0
2119,ENSP00000305372,1
6726,ENSP00000319984,1
5203,ENSP00000267377,0
6279,ENSP00000325120,1
5582,ENSP00000360968,0
3363,ENSP00000278742,0
9966051,ENSP00000445175,0
5203,ENSP00000337733,0
213023,ENSP00000373674,0
4771,ENSP00000241337,0
114683,ENSP00000229239,0
5202,ENSP00000386069,1
3603,ENSP00000409378,1
5530,ENSP00000308176,0
444,ENSP00000250378,0
23994,ENSP00000238018,1
89594,ENSP00000262306,0
5702160,ENSP00000408695,0
5454,ENSP00000334052,0
9933475,ENSP00000282397,1
3392,ENSP00000381740,0
702,ENSP00000348461,1
6426631,ENSP00000305480,0
312,ENSP00000230671,1
214,ENSP00000215832,0
3413,ENSP00000362481,0
155346,ENSP00000319501,0
16362,ENSP00000386069,1
3883,ENSP00000360372,1
104741,ENSP00000206249,1
23994,ENSP00000364212,1
3715,ENSP00000269385,0
3964,ENSP00000276651,0
1132,ENSP00000269980,1
3343,ENSP00000355645,0
4179,ENSP00000354876,0
10836,ENSP00000350136,0
4100,ENSP00000222982,0
123878,ENSP00000364831,0
3657,ENSP00000168216,0
1117,ENSP00000260682,1
85,ENSP00000367959,0
5480230,ENSP00000265729,0
1117,ENSP00000392859,1
55245,ENSP00000337915,1
5284596,ENSP00000265572,1
5011,ENSP00000351484,0
3008,ENSP00000273550,0
2160,ENSP00000296412,0
18830,ENSP00000338072,1
5497186,ENSP00000357920,0
9904,ENSP00000256958,0
158,ENSP00000218721,1
9270,ENSP00000342056,0
3043,ENSP00000356425,0
5408,ENSP00000370254,1
94701,ENSP00000301178,0
2550,ENSP00000381607,0
1117,ENSP00000377311,1
5267,ENSP00000419027,0
3404,ENSP00000216911,0
3410,ENSP00000359976,0
4430,ENSP00000414019,0
51634,ENSP00000355086,0
4828,ENSP00000369100,0
68844,ENSP00000309649,1
1117,ENSP00000277120,1
38409,ENSP00000368066,0
3008,ENSP00000234961,1
5282381,ENSP00000291294,1
5515,ENSP00000325690,0
3463,ENSP00000375730,0
3519,ENSP00000357835,0
312,ENSP00000219240,1
71301,ENSP00000325425,0
5284604,ENSP00000394624,1
5894,ENSP00000357651,0
444732,ENSP00000302967,1
2153,ENSP00000358730,1
5983,ENSP00000373715,0
4034,ENSP00000251810,0
16156130,ENSP00000325312,0
3547,ENSP00000288135,0
65064,ENSP00000348459,0
6054,ENSP00000296122,0
5578,ENSP00000352584,0
4919,ENSP00000369816,0
6215,ENSP00000337332,0
5329102,ENSP00000282397,1
42955,ENSP00000265164,0
23994,ENSP00000219070,1
4828,ENSP00000216194,0
3981,ENSP00000272190,0
9395,ENSP00000370223,0
298,ENSP00000304414,1
3827,ENSP00000297988,0
9576912,ENSP00000359151,0
3915,ENSP00000363812,0
4745,ENSP00000329374,0
644077,ENSP00000264381,0
5281004,ENSP00000341390,1
5330286,ENSP00000335304,0
9933475,ENSP00000360576,0
5530,ENSP00000389948,0
104741,ENSP00000352222,0
5562,ENSP00000275525,0
2512,ENSP00000254488,0
13342,ENSP00000269466,0
392622,ENSP00000262848,0
134780,ENSP00000232219,0
5530,ENSP00000276373,0
1051,ENSP00000309259,1
593,ENSP00000428426,1
1117,ENSP00000406157,1
5363,ENSP00000309649,0
3151,ENSP00000262340,0
72172,ENSP00000317985,0
4629,ENSP00000306490,1
191,ENSP00000343782,1
2949,ENSP00000328547,0
71246,ENSP00000287820,0
311,ENSP00000261755,0
119380,ENSP00000232217,0
4383,ENSP00000353731,0
3750,ENSP00000430269,0
222528,ENSP00000314441,0
5526,ENSP00000303775,0
1051,ENSP00000254663,1
392622,ENSP00000354532,0
5362436,ENSP00000377549,0
4184,ENSP00000372088,0
3177,ENSP00000234961,0
122220,ENSP00000364252,0
3310,ENSP00000251588,0
168572,ENSP00000303423,0
2512,ENSP00000354859,1
447700,ENSP00000282957,0
311,ENSP00000309477,1
1051,ENSP00000267085,1
596,ENSP00000306490,0
445354,ENSP00000256906,0
5281004,ENSP00000342087,0
4659568,ENSP00000378359,0
4419,ENSP00000306390,0
5743,ENSP00000276651,0
3598,ENSP00000395473,0
5361092,ENSP00000311291,0
305,ENSP00000369456,0
178103,ENSP00000309504,0
171548,ENSP00000316244,0
45272686,ENSP00000245457,0
104842,ENSP00000225275,0
3008,ENSP00000231487,0
6437849,ENSP00000275605,0
5251896,ENSP00000354859,0
158795,ENSP00000221742,0
5487,ENSP00000381740,0
92730,ENSP00000261465,1
23994,ENSP00000254976,1
5329098,ENSP00000372023,1
3081361,ENSP00000217185,1
5566,ENSP00000232975,1
187,ENSP00000306490,1
3494,ENSP00000316121,0
152945,ENSP00000245312,0
5497186,ENSP00000394624,1
1117,ENSP00000384400,1
285,ENSP00000448165,0
5361092,ENSP00000362924,0
3547,ENSP00000258145,0
104741,ENSP00000264047,0
68848,ENSP00000269466,0
457954,ENSP00000346148,0
33624,ENSP00000219240,0
5281071,ENSP00000358301,0
5530,ENSP00000375881,0
5282280,ENSP00000328708,1
6230,ENSP00000331897,0
60961,ENSP00000249041,1
152945,ENSP00000260116,0
26757,ENSP00000275300,0
444795,ENSP00000299529,1
39860,ENSP00000292147,0
2405,ENSP00000332659,0
5284627,ENSP00000328708,0
2978,ENSP00000363596,1
129806,ENSP00000362344,0
3433,ENSP00000298910,0
1978,ENSP00000419692,0
4850,ENSP00000222482,0
15209,ENSP00000345873,0
5381226,ENSP00000430432,0
6675,ENSP00000405573,0
2968,ENSP00000312189,0
126941,ENSP00000259271,0
4011,ENSP00000319984,1
679,ENSP00000263025,1
5475158,ENSP00000389414,0
3016,ENSP00000344220,0
158,ENSP00000366416,1
4911,ENSP00000267814,0
149,ENSP00000418603,0
5329102,ENSP00000363115,1
2756,ENSP00000267615,0
89594,ENSP00000255008,0
2230,ENSP00000307445,0
4829,ENSP00000354612,0
18830,ENSP00000366233,0
4946,ENSP00000012443,0
5282280,ENSP00000354652,1
5662,ENSP00000378920,0
5097,ENSP00000268251,0
60825,ENSP00000360687,0
5329102,ENSP00000347942,1
864,ENSP00000402084,0
3339,ENSP00000428426,0
8758,ENSP00000385834,1
64715,ENSP00000306512,0
424,ENSP00000360608,1
402,ENSP00000317842,0
5097,ENSP00000363812,0
2230,ENSP00000260356,0
5572,ENSP00000314649,0
4976,ENSP00000376177,0
5359272,ENSP00000222982,0
131432,ENSP00000356853,0
4042,ENSP00000406220,0
718,ENSP00000296509,0
439260,ENSP00000277942,1
4927,ENSP00000306490,1
119380,ENSP00000358783,0
3304,ENSP00000431418,0
122316,ENSP00000226279,0
718,ENSP00000364486,1
3108,ENSP00000316339,0
4584,ENSP00000353904,0
2719,ENSP00000234111,0
424,ENSP00000359532,0
4430,ENSP00000265572,1
4261,ENSP00000237858,0
4534,ENSP00000323511,0
13342,ENSP00000357651,1
1071,ENSP00000232219,1
4636,ENSP00000263967,0
1080,ENSP00000414019,0
4419,ENSP00000339260,0
2730,ENSP00000351908,0
1287,ENSP00000221859,0
191,ENSP00000351755,1
123015,ENSP00000261937,1
122316,ENSP00000367309,1
5726,ENSP00000261523,0
643976,ENSP00000359211,1
2995,ENSP00000305372,1
4993,ENSP00000322788,0
5426,ENSP00000263774,0
178103,ENSP00000366416,1
23977,ENSP00000325312,1
4630,ENSP00000260970,0
5329102,ENSP00000298910,1
4380,ENSP00000340684,1
18794,ENSP00000285379,1
1615,ENSP00000358301,0
1613,ENSP00000243167,0
4160,ENSP00000351273,0
3016,ENSP00000265294,1
74989,ENSP00000336687,0
3676,ENSP00000353099,0
3823,ENSP00000360372,1
3918,ENSP00000327246,0
3915,ENSP00000335592,0
4196,ENSP00000229447,0
3779,ENSP00000343782,1
439260,ENSP00000441600,1
9801640,ENSP00000314508,0
3585,ENSP00000265689,1
5202,ENSP00000335511,1
2714,ENSP00000361423,0
123679,ENSP00000386069,1
5288826,ENSP00000367959,1
4253,ENSP00000286621,0
2949,ENSP00000337915,0
3241,ENSP00000301071,0
5755,ENSP00000310935,0
5983,ENSP00000264381,1
2818,ENSP00000280155,1
3086686,ENSP00000340278,0
996,ENSP00000254976,0
36736,ENSP00000284562,0
5282280,ENSP00000363431,1
23994,ENSP00000306866,1
57379345,ENSP00000363596,0
2564,ENSP00000253792,0
838,ENSP00000249016,1
35370,ENSP00000414334,1
1219,ENSP00000354859,1
26721,ENSP00000265986,0
2909,ENSP00000337915,1
3648,ENSP00000234961,1
4184,ENSP00000361965,0
4422,ENSP00000362649,0
1117,ENSP00000278742,1
59693,ENSP00000329858,0
42955,ENSP00000258743,0
5755,ENSP00000329357,0
23994,ENSP00000012443,1
4829,ENSP00000315644,0
5426,ENSP00000356037,0
36736,ENSP00000292823,0
28517,ENSP00000280701,1
1117,ENSP00000351035,1
54562,ENSP00000305302,0
4095,ENSP00000367959,1
65750,ENSP00000292180,0
33624,ENSP00000263980,0
838,ENSP00000342560,1
667490,ENSP00000286621,0
6726,ENSP00000292147,0
3602,ENSP00000282957,0
1355,ENSP00000000233,0
3391,ENSP00000265294,0
3405,ENSP00000330237,0
55283,ENSP00000361275,0
6000,ENSP00000392709,0
5408,ENSP00000344460,0
5452,ENSP00000360372,1
10836,ENSP00000265016,0
5202,ENSP00000322924,1
4036,ENSP00000303208,0
122186,ENSP00000370571,0
4236,ENSP00000263035,0
18830,ENSP00000354612,0
5163,ENSP00000379140,0
3295,ENSP00000345659,1
68740,ENSP00000329858,0
64715,ENSP00000370526,0
4296,ENSP00000307766,1
1117,ENSP00000323511,1
2230,ENSP00000249041,0
23925,ENSP00000308541,1
5894,ENSP00000288135,0
3394,ENSP00000370129,1
3547,ENSP00000234961,0
11626560,ENSP00000301178,1
4885,ENSP00000280551,0
5894,ENSP00000302486,0
2687,ENSP00000258400,0
2230,ENSP00000409378,1
1701,ENSP00000355086,0
122033,ENSP00000342560,0
2249,ENSP00000359285,0
3916,ENSP00000287820,0
2094,ENSP00000316244,0
3998,ENSP00000301974,0
3964,ENSP00000316244,1
5137129,ENSP00000344456,0
1979,ENSP00000301891,0
5475158,ENSP00000286301,0
91605,ENSP00000306390,0
9865515,ENSP00000264047,0
5202,ENSP00000371929,1
60769,ENSP00000261523,0
5731,ENSP00000302232,0
1546,ENSP00000264595,0
122186,ENSP00000385571,0
1071,ENSP00000333667,0
2116,ENSP00000356958,0
24360,ENSP00000396452,0
216239,ENSP00000251849,1
4547,ENSP00000333821,0
10836,ENSP00000380252,0
104787,ENSP00000360154,0
5360515,ENSP00000234961,1
5056,ENSP00000346001,0
5556,ENSP00000352222,0
838,ENSP00000249041,1
1613,ENSP00000364709,0
750,ENSP00000301776,1
177236,ENSP00000200676,0
5562,ENSP00000322450,0
23930,ENSP00000331897,1
24267,ENSP00000343657,0
6089,ENSP00000264668,0
2818,ENSP00000367959,1
5288826,ENSP00000371236,0
5381226,ENSP00000432481,0
2771,ENSP00000367959,1
4106,ENSP00000256443,0
3585,ENSP00000355866,0
4495,ENSP00000258385,0
1117,ENSP00000353099,1
439260,ENSP00000358301,1
57379345,ENSP00000373700,1
10836,ENSP00000255380,0
5533,ENSP00000387536,0
191,ENSP00000336630,1
23994,ENSP00000375881,1
1117,ENSP00000321656,1
5533,ENSP00000375893,0
3964,ENSP00000242375,0
119380,ENSP00000225831,0
1229,ENSP00000358107,0
160355,ENSP00000308032,0
5281071,ENSP00000380247,1
2249,ENSP00000386284,0
838,ENSP00000363431,1
3603,ENSP00000277120,0
4830,ENSP00000234590,0
3517,ENSP00000223366,0
2156,ENSP00000358301,1
25201794,ENSP00000233627,0
72438,ENSP00000419027,0
4782,ENSP00000307766,0
5163,ENSP00000362608,0
158,ENSP00000234961,1
3419,ENSP00000290866,1
23994,ENSP00000256999,1
26721,ENSP00000265689,0
5360515,ENSP00000309565,0
4788,ENSP00000226444,0
23994,ENSP00000324804,1
3826,ENSP00000293860,0
107688,ENSP00000264932,0
3397,ENSP00000321988,0
1548886,ENSP00000385746,0
3779,ENSP00000225275,0
170361,ENSP00000337335,0
5097,ENSP00000256443,1
7370,ENSP00000317985,0
312,ENSP00000307900,1
1355,ENSP00000350928,0
3403,ENSP00000358301,0
4080,ENSP00000331201,0
5287969,ENSP00000399168,0
5287844,ENSP00000371236,0
448537,ENSP00000370270,1
4595,ENSP00000302811,0
5538,ENSP00000336528,1
44404987,ENSP00000353791,0
3222,ENSP00000290866,1
187,ENSP00000351682,0
5959,ENSP00000328708,1
2818,ENSP00000322924,1
2476,ENSP00000265572,1
1613,ENSP00000289004,0
60961,ENSP00000292301,1
1615,ENSP00000312189,0
5567,ENSP00000263035,0
4534,ENSP00000279488,0
65064,ENSP00000410076,0
5610,ENSP00000370938,0
5578,ENSP00000315644,1
123015,ENSP00000282397,1
24466,ENSP00000307766,0
5281071,ENSP00000318351,0
298,ENSP00000332659,1
24466,ENSP00000361423,0
312,ENSP00000417214,1
16132139,ENSP00000299766,1
1224,ENSP00000280155,1
5538,ENSP00000335084,0
92411,ENSP00000362401,0
679,ENSP00000344220,1
35370,ENSP00000268379,0
10836,ENSP00000360290,0
312,ENSP00000295400,1
5983,ENSP00000209668,0
440120,ENSP00000264193,0
3455,ENSP00000261799,0
3639,ENSP00000306920,0
4585,ENSP00000256906,1
3035905,ENSP00000342560,1
4742,ENSP00000324124,0
6466,ENSP00000376177,0
2550,ENSP00000303424,0
5475158,ENSP00000260118,0
4495,ENSP00000355645,0
5544,ENSP00000420269,0
5514,ENSP00000297988,0
1117,ENSP00000308720,1
3391,ENSP00000373700,0
3559,ENSP00000222002,0
750,ENSP00000318868,1
5358,ENSP00000406220,0
5284549,ENSP00000259271,0
179837,ENSP00000418001,0
6917908,ENSP00000298472,0
4883,ENSP00000328973,0
5530,ENSP00000351755,0
107778,ENSP00000216392,0
5959,ENSP00000272928,1
5311080,ENSP00000217185,0
9880,ENSP00000300093,0
1229,ENSP00000001008,0
5012,ENSP00000275493,0
838,ENSP00000277942,1
5362436,ENSP00000267814,0
5485199,ENSP00000005178,0
4542,ENSP00000209929,0
3450,ENSP00000360549,0
23994,ENSP00000378890,1
5304,ENSP00000362344,0
216239,ENSP00000381412,0
16129682,ENSP00000225504,0
942,ENSP00000289957,1
59693,ENSP00000347942,0
774,ENSP00000267377,1
31703,ENSP00000337949,0
312,ENSP00000219070,1
5512,ENSP00000280155,0
890,ENSP00000332679,0
6337614,ENSP00000347754,1
5251896,ENSP00000377311,0
158,ENSP00000351755,1
1541,ENSP00000234961,1
937,ENSP00000358596,0
60785,ENSP00000410076,0
36811,ENSP00000351484,0
2708,ENSP00000363988,0
177236,ENSP00000293761,0
2477,ENSP00000324270,1
2685,ENSP00000232607,0
2083,ENSP00000229239,0
208908,ENSP00000269571,1
100516,ENSP00000386284,0
1546,ENSP00000231420,0
2120,ENSP00000363812,0
68844,ENSP00000381717,0
3657,ENSP00000318077,0
5376,ENSP00000324648,1
723,ENSP00000264932,1
119182,ENSP00000341551,0
1117,ENSP00000258743,1
36736,ENSP00000273430,1
3559,ENSP00000307900,0
3657,ENSP00000216392,0
4098,ENSP00000340523,0
312145,ENSP00000248437,0
1775,ENSP00000339960,0
68844,ENSP00000345659,1
784,ENSP00000251607,0
5311,ENSP00000430432,1
9823820,ENSP00000264818,0
679,ENSP00000308541,1
51634,ENSP00000216465,0
5284627,ENSP00000357981,0
2564,ENSP00000418001,0
2120,ENSP00000355330,0
774,ENSP00000304414,1
1219,ENSP00000356410,0
446512,ENSP00000360991,0
5405,ENSP00000380247,1
4044,ENSP00000250971,0
1051,ENSP00000371110,1
439260,ENSP00000337949,1
4900,ENSP00000353791,0
5894,ENSP00000296046,0
2583,ENSP00000268097,0
3158,ENSP00000255380,1
596,ENSP00000367309,0
54369,ENSP00000466799,0
5677,ENSP00000335592,0
156391,ENSP00000255262,0
1440,ENSP00000309741,0
3403,ENSP00000337332,0
5032,ENSP00000370989,0
42955,ENSP00000389103,0
3219,ENSP00000380247,1
5329099,ENSP00000261799,1
9933475,ENSP00000431049,0
5287969,ENSP00000381740,0
122186,ENSP00000305372,1
4889,ENSP00000229794,0
1615,ENSP00000370938,0
3033538,ENSP00000308720,0
3168,ENSP00000369960,1
45272686,ENSP00000356671,0
1240,ENSP00000327255,0
51550,ENSP00000393333,1
4691,ENSP00000347495,0
4927,ENSP00000319984,1
1541,ENSP00000441600,1
25077992,ENSP00000331897,0
2119,ENSP00000306490,0
1071,ENSP00000302846,0
10517,ENSP00000387536,0
31703,ENSP00000354728,0
4380,ENSP00000370989,0
4865,ENSP00000337915,1
72430,ENSP00000228476,0
5352624,ENSP00000355645,0
114854,ENSP00000255380,0
4477,ENSP00000264657,1
6623,ENSP00000206249,1
3891,ENSP00000362924,1
1593,ENSP00000256104,0
4536,ENSP00000356480,0
1117,ENSP00000335084,1
838,ENSP00000287907,1
4830,ENSP00000358814,0
4688,ENSP00000368727,0
1072,ENSP00000327801,0
3915,ENSP00000466420,0
191,ENSP00000342560,1
5329099,ENSP00000367615,0
4976,ENSP00000363216,0
130731,ENSP00000303522,0
9395,ENSP00000282397,0
6422124,ENSP00000216951,0
85,ENSP00000176183,0
6047,ENSP00000357907,0
6013,ENSP00000360317,1
5287969,ENSP00000358223,0
4419,ENSP00000362344,0
23932,ENSP00000356480,0
2153,ENSP00000304501,1
4829,ENSP00000231509,1
3062,ENSP00000321988,0
312145,ENSP00000369960,0
2247,ENSP00000366488,0
65064,ENSP00000310928,0
784,ENSP00000005178,0
961,ENSP00000361275,0
3151,ENSP00000337335,0
6834,ENSP00000332659,0
1117,ENSP00000384708,1
3826,ENSP00000356438,1
2764,ENSP00000251849,0
54746,ENSP00000396308,0
3158,ENSP00000269571,0
176870,ENSP00000337915,1
16129679,ENSP00000305302,0
68740,ENSP00000340523,0
15897,ENSP00000366506,0
3450,ENSP00000359899,0
4430,ENSP00000375881,0
439260,ENSP00000358511,1
5280961,ENSP00000254663,0
16129682,ENSP00000219240,0
7054,ENSP00000260118,0
6279,ENSP00000337761,0
10635,ENSP00000325120,1
68740,ENSP00000229794,0
23994,ENSP00000306881,1
5278,ENSP00000319501,0
3559,ENSP00000380514,0
108094,ENSP00000280155,1
4534,ENSP00000369960,0
2169,ENSP00000305372,1
18794,ENSP00000307445,0
999,ENSP00000250416,0
667490,ENSP00000443194,0
951,ENSP00000324270,1
392622,ENSP00000324124,0
1229,ENSP00000250699,0
2332,ENSP00000308720,1
60961,ENSP00000354859,1
10267,ENSP00000305302,0
60719,ENSP00000362401,1
2968,ENSP00000267568,0
718,ENSP00000341117,0
5281605,ENSP00000290349,0
5530,ENSP00000330284,0
60961,ENSP00000353915,1
114866,ENSP00000305302,0
4425,ENSP00000257068,0
60852,ENSP00000203407,0
5486827,ENSP00000234961,1
5035,ENSP00000343925,1
596,ENSP00000364212,1
4425,ENSP00000361423,0
5959,ENSP00000354652,1
3219,ENSP00000442050,0
3433,ENSP00000328835,0
1117,ENSP00000356022,1
2909,ENSP00000265016,0
60612,ENSP00000344193,0
5360515,ENSP00000322788,0
65076,ENSP00000359991,0
6918837,ENSP00000335592,0
3675,ENSP00000367309,1
1809,ENSP00000289753,1
4122,ENSP00000297261,0
6917908,ENSP00000373700,0
5281004,ENSP00000327251,0
314,ENSP00000362608,0
3086671,ENSP00000363512,1
54688,ENSP00000358301,0
4422,ENSP00000362608,0
108156,ENSP00000212015,0
5076,ENSP00000370571,0
564,ENSP00000364709,0
610,ENSP00000216911,0
838,ENSP00000292513,1
3386,ENSP00000306490,1
208908,ENSP00000342235,1
5202,ENSP00000318077,1
100516,ENSP00000010404,0
4992,ENSP00000176183,0
312,ENSP00000356037,1
3343,ENSP00000294973,0
5022,ENSP00000287820,0
10133,ENSP00000245312,1
158,ENSP00000315011,1
23994,ENSP00000308583,1
129806,ENSP00000321656,0
4585,ENSP00000316244,1
1051,ENSP00000295101,0
5267,ENSP00000330032,0
3107,ENSP00000322924,0
2538,ENSP00000328835,1
2685,ENSP00000358301,1
4020,ENSP00000328708,0
23994,ENSP00000310721,0
311,ENSP00000273062,1
1548999,ENSP00000306662,0
1983,ENSP00000327246,0
3394,ENSP00000359976,0
191,ENSP00000358783,1
60852,ENSP00000359285,0
2435,ENSP00000346901,0
750,ENSP00000305302,1
5352,ENSP00000288139,0
15209,ENSP00000308583,0
9871419,ENSP00000380157,0
702,ENSP00000272298,1
15602694,ENSP00000362576,0
298,ENSP00000331746,0
9270,ENSP00000359285,0
13342,ENSP00000339001,1
1205,ENSP00000318912,0
129806,ENSP00000331897,0
951,ENSP00000316244,1
5870,ENSP00000330237,0
2818,ENSP00000255380,1
23930,ENSP00000352584,0
4629,ENSP00000346671,0
3285,ENSP00000325120,1
4536,ENSP00000262178,0
440120,ENSP00000261733,0
4865,ENSP00000250416,0
36314,ENSP00000362649,0
445420,ENSP00000373700,0
191,ENSP00000366506,1
4920,ENSP00000447173,1
1132,ENSP00000222673,1
312,ENSP00000364721,1
5311018,ENSP00000234961,1
5662,ENSP00000260447,0
11626560,ENSP00000364721,0
2807,ENSP00000379133,0
23994,ENSP00000359211,1
4927,ENSP00000354859,1
4830,ENSP00000306866,0
115146,ENSP00000272298,1
33624,ENSP00000318868,0
1935,ENSP00000312326,0
114903,ENSP00000367309,1
961,ENSP00000339503,1
5330286,ENSP00000261799,0
5572,ENSP00000409378,1
3826,ENSP00000303424,0
166558,ENSP00000363205,0
1935,ENSP00000323549,0
3413,ENSP00000222481,0
5524,ENSP00000309741,0
2803,ENSP00000368552,0
44668,ENSP00000226444,0
8646,ENSP00000250378,0
9966051,ENSP00000299766,0
3035905,ENSP00000320147,0
10140,ENSP00000357835,0
3494,ENSP00000346827,0
5865,ENSP00000318912,0
5097,ENSP00000226444,0
5282280,ENSP00000360939,0
60719,ENSP00000309477,0
1541,ENSP00000363596,1
445154,ENSP00000260682,1
4828,ENSP00000363115,0
3081361,ENSP00000324740,1
3386,ENSP00000322898,0
71307,ENSP00000356671,0
71739,ENSP00000265016,0
1117,ENSP00000362773,1
9823820,ENSP00000276390,0
33624,ENSP00000262848,0
2325,ENSP00000344193,0
9395,ENSP00000264498,0
4429,ENSP00000381607,0
3034010,ENSP00000244137,0
104973,ENSP00000010404,0
4691,ENSP00000319984,1
4629,ENSP00000337915,0
158,ENSP00000216714,0
23994,ENSP00000329357,1
3675,ENSP00000339503,0
312,ENSP00000297792,1
838,ENSP00000358301,1
122335,ENSP00000295897,0
60919,ENSP00000295897,0
6468,ENSP00000356953,0
126941,ENSP00000362361,0
68740,ENSP00000292513,0
57242,ENSP00000261890,0
2169,ENSP00000263980,0
4865,ENSP00000405573,0
298,ENSP00000350198,1
644073,ENSP00000312663,0
6089,ENSP00000289753,1
5281708,ENSP00000361845,0
4095,ENSP00000234961,1
119182,ENSP00000264382,0
457954,ENSP00000322991,0
281,ENSP00000312735,0
68844,ENSP00000325120,0
10836,ENSP00000362401,0
11626560,ENSP00000342235,0
158795,ENSP00000260447,0
5283454,ENSP00000334052,0
4261,ENSP00000269466,0
3446,ENSP00000360317,0
1072,ENSP00000365926,1
10280735,ENSP00000364709,1
119182,ENSP00000331831,0
449459,ENSP00000348897,0
5405,ENSP00000290866,0
951,ENSP00000305372,1
5526,ENSP00000321334,0
89594,ENSP00000260116,0
104842,ENSP00000367959,0
5645,ENSP00000348461,0
2662,ENSP00000302150,0
3750,ENSP00000443194,0
191,ENSP00000347942,1
155346,ENSP00000360317,0
3363,ENSP00000222982,0
5645,ENSP00000353720,0
23931,ENSP00000301634,0
3295,ENSP00000363205,0
3869,ENSP00000178638,0
312145,ENSP00000266970,0
55482,ENSP00000297261,0
158,ENSP00000305372,1
23994,ENSP00000378295,1
9875401,ENSP00000359899,0
5452,ENSP00000200676,0
468595,ENSP00000331736,0
5645,ENSP00000260443,0
312,ENSP00000341189,1
4713,ENSP00000408860,0
34521,ENSP00000023897,0
679,ENSP00000396308,1
4495,ENSP00000312606,0
312,ENSP00000337450,1
53232,ENSP00000219252,0
5011,ENSP00000292180,0
298,ENSP00000316244,1
5095,ENSP00000258400,1
4106,ENSP00000303208,0
5287844,ENSP00000340684,0
4042,ENSP00000336528,1
16960,ENSP00000265715,0
4992,ENSP00000272298,0
2583,ENSP00000226444,0
5959,ENSP00000350256,1
59693,ENSP00000335544,0
11301,ENSP00000253799,0
158,ENSP00000329858,0
72271,ENSP00000265016,0
4828,ENSP00000334145,0
4742,ENSP00000315013,0
445154,ENSP00000234111,1
24466,ENSP00000367934,0
5381,ENSP00000419027,0
3455,ENSP00000335357,0
9904,ENSP00000371067,0
155346,ENSP00000379680,0
4528,ENSP00000224356,0
126941,ENSP00000362344,1
5074,ENSP00000315212,0
23930,ENSP00000299518,1
60961,ENSP00000343690,0
158,ENSP00000256906,1
23994,ENSP00000011292,1
4946,ENSP00000260682,1
3981,ENSP00000323036,0
6047,ENSP00000332530,0
4066,ENSP00000304414,0
2499,ENSP00000257068,0
5538,ENSP00000287820,1
774,ENSP00000349003,1
5329102,ENSP00000266970,1
3255,ENSP00000321988,0
5709,ENSP00000332816,0
3547,ENSP00000382697,1
951,ENSP00000258042,1
37464,ENSP00000366506,0
158,ENSP00000441600,1
1229,ENSP00000322924,1
158,ENSP00000249041,1
1117,ENSP00000356480,1
4055,ENSP00000269571,0
6422124,ENSP00000314606,0
593,ENSP00000316786,0
65243,ENSP00000296509,0
8646,ENSP00000450560,0
3648,ENSP00000317159,0
5743,ENSP00000288699,0
5186,ENSP00000222482,0
171548,ENSP00000332659,0
5281969,ENSP00000358511,1
3016,ENSP00000349687,0
15897,ENSP00000228434,0
3008,ENSP00000304697,0
122316,ENSP00000359532,0
6726,ENSP00000361405,0
6741,ENSP00000289753,0
3869,ENSP00000386069,1
5487,ENSP00000311165,0
216235,ENSP00000353915,0
1117,ENSP00000364898,1
311,ENSP00000282957,1
5095,ENSP00000322788,0
2249,ENSP00000335511,0
3684,ENSP00000265113,0
679,ENSP00000322924,0
3295,ENSP00000267568,0
679,ENSP00000178638,1
5656,ENSP00000295897,0
3779,ENSP00000257068,0
774,ENSP00000292513,1
1775,ENSP00000432481,0
23994,ENSP00000353679,1
445643,ENSP00000370270,0
5186,ENSP00000358730,0
3603,ENSP00000258042,0
4542,ENSP00000216160,0
5515,ENSP00000225740,0
5533,ENSP00000369960,1
444008,ENSP00000265465,0
774,ENSP00000350256,1
156391,ENSP00000466420,0
314,ENSP00000408695,0
5593,ENSP00000362401,0
5466,ENSP00000333821,0
3559,ENSP00000385746,0
3391,ENSP00000306881,0
5311081,ENSP00000349576,0
312,ENSP00000269571,1
60825,ENSP00000318585,0
9880,ENSP00000346805,0
702,ENSP00000400175,1
439260,ENSP00000354859,1
5311018,ENSP00000380514,0
123015,ENSP00000317842,0
5137129,ENSP00000330032,0
2247,ENSP00000380247,1
1979,ENSP00000399168,0
864,ENSP00000254488,0
5284371,ENSP00000338018,0
5352624,ENSP00000302967,0
23925,ENSP00000386069,0
2435,ENSP00000362608,0
166558,ENSP00000264657,0
24466,ENSP00000396308,1
285,ENSP00000333994,0
3519,ENSP00000263126,0
4044,ENSP00000308583,0
16129679,ENSP00000418447,0
439260,ENSP00000218721,1
951,ENSP00000303775,1
5329102,ENSP00000360290,1
2156,ENSP00000260227,0
5284627,ENSP00000254976,0
5497186,ENSP00000215832,0
1683,ENSP00000279247,0
4830,ENSP00000368552,0
6468,ENSP00000257254,0
961,ENSP00000251810,1
2499,ENSP00000301974,1
5329098,ENSP00000359539,0
1051,ENSP00000339435,1
9270,ENSP00000277120,0
5202,ENSP00000361141,1
3750,ENSP00000358727,0
3603,ENSP00000217901,0
3397,ENSP00000382697,0
77992,ENSP00000339001,0
191,ENSP00000341551,0
4713,ENSP00000215832,1
54687,ENSP00000275525,0
123015,ENSP00000311876,0
55283,ENSP00000367309,0
5514,ENSP00000299766,0
5163,ENSP00000242375,0
4629,ENSP00000310701,0
3238,ENSP00000381412,0
439260,ENSP00000354652,1
5005,ENSP00000345502,0
77992,ENSP00000240139,0
2771,ENSP00000279247,0
2099,ENSP00000311572,0
2162,ENSP00000366525,0
5731,ENSP00000339435,0
72271,ENSP00000329858,0
5283731,ENSP00000265294,0
4926,ENSP00000380247,1
216239,ENSP00000370938,1
2807,ENSP00000403852,0
23994,ENSP00000273550,1
298,ENSP00000354652,1
187,ENSP00000358511,1
25880656,ENSP00000318912,0
447700,ENSP00000361423,1
55482,ENSP00000352835,0
774,ENSP00000249016,1
3035905,ENSP00000261835,1
4369359,ENSP00000386029,0
864,ENSP00000369050,0
216239,ENSP00000261937,1
5566,ENSP00000328973,0
2719,ENSP00000254976,0
298,ENSP00000330284,1
54688,ENSP00000337915,1
57537,ENSP00000361423,0
312,ENSP00000408526,1
151166,ENSP00000356438,1
1546,ENSP00000310935,0
445154,ENSP00000333982,0
6337614,ENSP00000250416,0
23931,ENSP00000222002,1
5281605,ENSP00000305302,0
311,ENSP00000354687,0
1548999,ENSP00000353915,0
3998,ENSP00000274192,0
5284596,ENSP00000327268,0
5288826,ENSP00000265572,1
47318,ENSP00000356480,0
5790,ENSP00000249016,0
961,ENSP00000354876,1
1117,ENSP00000350785,1
39860,ENSP00000358511,1
5381,ENSP00000302967,0
2099,ENSP00000328835,0
2726,ENSP00000369960,1
667490,ENSP00000259271,0
9576912,ENSP00000321334,0
60719,ENSP00000216117,0
1117,ENSP00000362608,1
114999,ENSP00000386284,0
16133798,ENSP00000413074,0
156391,ENSP00000367102,1
94701,ENSP00000342056,0
5770,ENSP00000274545,0
152945,ENSP00000296046,0
5524,ENSP00000280155,1
5562,ENSP00000362649,1
774,ENSP00000316244,1
6505803,ENSP00000232975,0
6279,ENSP00000238379,0
3998,ENSP00000261835,0
3410,ENSP00000261523,0
1080,ENSP00000286621,0
23994,ENSP00000340278,1
8230,ENSP00000178638,0
3108,ENSP00000395574,0
312145,ENSP00000290354,0
838,ENSP00000302846,1
5056,ENSP00000212015,1
5466,ENSP00000349576,0
1117,ENSP00000417980,1
10836,ENSP00000354652,1
40841,ENSP00000394624,1
5267,ENSP00000352702,0
2230,ENSP00000306490,1
23994,ENSP00000358525,1
1701,ENSP00000257248,0
65243,ENSP00000354347,0
5311304,ENSP00000272102,0
2083,ENSP00000340278,0
838,ENSP00000218721,1
4098,ENSP00000358301,0
13342,ENSP00000357907,0
3391,ENSP00000356425,0
5362436,ENSP00000306490,0
5408,ENSP00000308032,1
23994,ENSP00000341551,1
5376,ENSP00000206249,1
3397,ENSP00000322991,0
5282280,ENSP00000357067,0
16129682,ENSP00000327246,0
312,ENSP00000356713,1
34521,ENSP00000256104,0
3337,ENSP00000386069,1
91649,ENSP00000292513,0
3385,ENSP00000264381,0
7370,ENSP00000324270,0
151069,ENSP00000384296,0
9578572,ENSP00000363216,0
214,ENSP00000358727,0
1986,ENSP00000369530,0
5310960,ENSP00000245960,0
6834,ENSP00000317842,0
65110,ENSP00000360290,1
3009,ENSP00000234111,1
5533,ENSP00000309148,0
114903,ENSP00000302441,0
4192,ENSP00000442050,0
5363,ENSP00000328777,0
596,ENSP00000378359,0
2909,ENSP00000378323,1
5452,ENSP00000353165,0
5527,ENSP00000284440,0
123696,ENSP00000260447,0
23930,ENSP00000296122,1
5311,ENSP00000272190,0
2687,ENSP00000280155,0
60961,ENSP00000363431,1
387316,ENSP00000359991,0
5282381,ENSP00000265016,0
122186,ENSP00000319984,0
214,ENSP00000291294,1
5363,ENSP00000371110,0
2230,ENSP00000265689,0
3748,ENSP00000367309,1
439260,ENSP00000343782,1
5894,ENSP00000326227,0
2833,ENSP00000361021,0
3676,ENSP00000181383,0
72968,ENSP00000234454,0
312,ENSP00000280154,1
298,ENSP00000260443,0
2968,ENSP00000252996,0
114866,ENSP00000322991,0
5287969,ENSP00000392709,0
9576912,ENSP00000358814,0
9933475,ENSP00000362608,0
191,ENSP00000354652,1
6741,ENSP00000466799,0
657378,ENSP00000378295,0
23994,ENSP00000234310,1
4745,ENSP00000280155,1
2995,ENSP00000380247,1
4098,ENSP00000292301,0
5311067,ENSP00000378323,0
23931,ENSP00000271450,0
2550,ENSP00000303147,0
2354,ENSP00000369530,0
123686,ENSP00000359211,0
5381,ENSP00000376176,0
191,ENSP00000291294,1
4189,ENSP00000337761,0
4477,ENSP00000351410,0
11804285,ENSP00000320503,0
5578,ENSP00000364649,0
5726,ENSP00000285979,0
3404,ENSP00000369530,0
5074,ENSP00000367959,1
4422,ENSP00000321656,0
3598,ENSP00000277865,1
23930,ENSP00000303830,1
15602694,ENSP00000354511,1
23994,ENSP00000254066,1
3198,ENSP00000400175,0
6468,ENSP00000303208,0
119607,ENSP00000309148,0
444795,ENSP00000215832,1
60825,ENSP00000295101,0
5512,ENSP00000347839,0
60961,ENSP00000394624,1
60961,ENSP00000358511,1
134018,ENSP00000414334,0
5329099,ENSP00000303424,0
3016,ENSP00000356972,0
5526,ENSP00000250971,0
6726,ENSP00000231751,0
10607,ENSP00000320247,0
1117,ENSP00000345502,1
1132,ENSP00000369134,1
4919,ENSP00000409378,1
3397,ENSP00000308541,0
6468,ENSP00000349003,0
10280735,ENSP00000372654,0
107807,ENSP00000345502,0
160355,ENSP00000216117,0
126941,ENSP00000315644,1
3033538,ENSP00000367102,0
5288826,ENSP00000206249,0
2512,ENSP00000203407,0
151166,ENSP00000338072,0
4402,ENSP00000336630,1
5775,ENSP00000360645,0
2724385,ENSP00000367934,0
3000,ENSP00000275525,0
5202,ENSP00000293897,1
114683,ENSP00000265465,0
60769,ENSP00000316244,1
1224,ENSP00000297792,0
60809,ENSP00000354554,0
5587,ENSP00000378920,0
3954,ENSP00000327801,0
57379345,ENSP00000217901,0
5523,ENSP00000219252,0
11626560,ENSP00000309591,0
4745,ENSP00000368552,0
23931,ENSP00000263923,1
440120,ENSP00000384490,1
5284371,ENSP00000261208,0
5251896,ENSP00000370223,0
3857,ENSP00000322991,0
4585,ENSP00000306490,1
4629,ENSP00000265294,0
33624,ENSP00000260227,0
5470,ENSP00000325120,1
5454,ENSP00000337949,1
5572,ENSP00000296509,0
838,ENSP00000245457,1
1978,ENSP00000305372,1
23994,ENSP00000262545,1
18794,ENSP00000368226,0
60719,ENSP00000358301,0
27400,ENSP00000326031,0
312,ENSP00000299855,1
5095,ENSP00000344818,0
667467,ENSP00000325548,0
1117,ENSP00000262033,1
5894,ENSP00000263923,0
3869,ENSP00000199280,0
60961,ENSP00000386069,1
1440,ENSP00000406220,0
4495,ENSP00000333534,0
3158,ENSP00000220584,0
1117,ENSP00000368572,1
564,ENSP00000263800,0
3255,ENSP00000355330,0
4742,ENSP00000320709,0
312,ENSP00000302564,1
1917,ENSP00000308549,1
5203,ENSP00000318868,0
1134,ENSP00000331602,0
5284569,ENSP00000361845,0
3285,ENSP00000358783,0
191,ENSP00000325425,1
2714,ENSP00000375892,0
4984,ENSP00000263774,0
253,ENSP00000346160,0
9799453,ENSP00000277942,0
3869,ENSP00000352900,0
936,ENSP00000226279,1
1593,ENSP00000360645,0
5077,ENSP00000386456,0
115146,ENSP00000368140,0
16197727,ENSP00000451605,1
3001028,ENSP00000315013,0
252716,ENSP00000285379,0
3086686,ENSP00000282397,1
3255,ENSP00000267814,0
65110,ENSP00000382595,1
2818,ENSP00000366506,1
200,ENSP00000250971,0
55482,ENSP00000306662,0
5287620,ENSP00000330284,0
447700,ENSP00000339867,0
4691,ENSP00000255380,1
4629,ENSP00000297792,0
123686,ENSP00000349320,0
3198,ENSP00000256906,0
2662,ENSP00000336630,0
60961,ENSP00000362608,1
3682,ENSP00000343782,1
2756,ENSP00000337335,1
4402,ENSP00000297494,0
5202,ENSP00000226413,1
60769,ENSP00000339933,0
1986,ENSP00000285379,1
6000,ENSP00000347754,1
6279,ENSP00000354532,0
5310985,ENSP00000363512,0
23994,ENSP00000381607,1
10133,ENSP00000327255,0
2083,ENSP00000261900,0
3671,ENSP00000347689,1
6422124,ENSP00000331103,0
2801,ENSP00000367959,1
5202,ENSP00000292301,1
1204,ENSP00000364721,0
951,ENSP00000366416,1
4542,ENSP00000301974,0
3981,ENSP00000382697,0
11243969,ENSP00000408526,0
5514,ENSP00000417980,0
54459,ENSP00000280155,1
2725,ENSP00000337332,0
444008,ENSP00000325120,1
11243969,ENSP00000216410,0
23994,ENSP00000391826,1
4212,ENSP00000379680,0
5464105,ENSP00000272298,0
4296,ENSP00000363832,0
3913,ENSP00000450560,0
1287,ENSP00000386456,0
2564,ENSP00000260443,0
4055,ENSP00000350491,0
2987,ENSP00000308938,0
6422124,ENSP00000360372,0
3009,ENSP00000337450,0
216235,ENSP00000287907,0
718,ENSP00000345771,1
5287969,ENSP00000342235,0
6437849,ENSP00000344456,0
5282280,ENSP00000441600,1
23930,ENSP00000309845,1
5282280,ENSP00000358730,1
951,ENSP00000226413,1
24360,ENSP00000334052,0
2914,ENSP00000241337,0
178013,ENSP00000272190,0
64715,ENSP00000267845,0
5959,ENSP00000350198,1
4926,ENSP00000306662,1
5149021,ENSP00000230671,0
23994,ENSP00000353920,1
60961,ENSP00000176183,1
5329098,ENSP00000347942,1
178013,ENSP00000307235,0
132624,ENSP00000350928,0
151165,ENSP00000300738,0
55482,ENSP00000319984,0
16129679,ENSP00000262178,1
60961,ENSP00000286621,1
158795,ENSP00000219054,0
6918537,ENSP00000354612,0
222528,ENSP00000419692,0
281,ENSP00000381333,0
312,ENSP00000279488,1
5095,ENSP00000261669,0
2499,ENSP00000367615,0
191,ENSP00000369456,0
3449,ENSP00000363621,0
10517,ENSP00000394624,1
5508,ENSP00000263774,0
65020,ENSP00000265715,0
4422,ENSP00000278742,0
4253,ENSP00000273550,0
123679,ENSP00000366488,0
68848,ENSP00000356022,0
951,ENSP00000386069,1
1071,ENSP00000354511,0
9917021,ENSP00000303522,1
892,ENSP00000360773,0
5311023,ENSP00000360541,0
158,ENSP00000275216,1
312,ENSP00000339260,1
11301,ENSP00000370571,0
2230,ENSP00000255380,1
4771,ENSP00000310219,0
23931,ENSP00000318355,1
2730,ENSP00000432481,0
4430,ENSP00000276431,0
41987,ENSP00000361021,0
18794,ENSP00000377947,0
443408,ENSP00000389948,0
114854,ENSP00000292147,0
2725,ENSP00000389103,0
1615,ENSP00000367959,1
4179,ENSP00000408695,1
5163,ENSP00000244137,0
5284549,ENSP00000346671,0
4542,ENSP00000281806,0
281,ENSP00000346160,0
5202,ENSP00000277942,1
5282280,ENSP00000351755,1
2524,ENSP00000419692,1
1132,ENSP00000363216,1
6279,ENSP00000299267,0
23994,ENSP00000248114,1
5076,ENSP00000260682,1
31703,ENSP00000308032,0
5282280,ENSP00000303775,0
158795,ENSP00000417980,0
3964,ENSP00000264382,0
60961,ENSP00000303147,1
4485,ENSP00000333982,0
3241,ENSP00000302486,0
298,ENSP00000305302,0
3519,ENSP00000280155,1
68844,ENSP00000262554,0
5352624,ENSP00000363115,0
3285,ENSP00000300093,0
216239,ENSP00000256999,0
445420,ENSP00000285979,0
5097,ENSP00000356853,0
1205,ENSP00000299847,0
5358,ENSP00000352900,0
15209,ENSP00000359211,0
4782,ENSP00000354859,0
4919,ENSP00000211122,0
107778,ENSP00000312326,0
168572,ENSP00000225740,0
51634,ENSP00000366244,0
312,ENSP00000394624,1
6037,ENSP00000363812,0
6436,ENSP00000261900,0
108156,ENSP00000349687,1
4425,ENSP00000357907,0
439260,ENSP00000332659,1
311,ENSP00000331897,1
281,ENSP00000216117,1
4830,ENSP00000309741,0
439176,ENSP00000325120,0
4036,ENSP00000357920,0
5656,ENSP00000346671,0
1117,ENSP00000357066,1
3086685,ENSP00000216911,1
1688,ENSP00000217270,0
4885,ENSP00000261733,0
5757,ENSP00000370270,1
5593,ENSP00000264613,0
445643,ENSP00000378323,1
1349907,ENSP00000357981,0
2476,ENSP00000216410,0
5475158,ENSP00000322909,0
89594,ENSP00000369456,0
2405,ENSP00000316244,0
176870,ENSP00000363621,0
5709,ENSP00000295897,0
100788,ENSP00000451605,0
4428,ENSP00000254663,0
122186,ENSP00000314649,0
9824,ENSP00000225371,0
5645,ENSP00000345023,0
6013,ENSP00000360247,1
71120,ENSP00000369456,0
4112,ENSP00000384490,0
4828,ENSP00000367102,0
6726,ENSP00000341189,0
26644,ENSP00000353165,0
6505803,ENSP00000300093,0
33036,ENSP00000315011,0
3339,ENSP00000300738,0
4402,ENSP00000339435,0
951,ENSP00000324648,0
4108,ENSP00000381412,0
644073,ENSP00000361405,0
2756,ENSP00000302232,0
4913,ENSP00000379680,0
4122,ENSP00000295256,1
2325,ENSP00000245206,0
5462501,ENSP00000290866,1
1117,ENSP00000327801,1
445643,ENSP00000310935,1
1051,ENSP00000269571,0
23931,ENSP00000319343,0
9395,ENSP00000234961,0
5362436,ENSP00000010404,0
122033,ENSP00000299518,0
160355,ENSP00000360968,0
158795,ENSP00000375881,0
72172,ENSP00000323071,0
39860,ENSP00000312189,0
4477,ENSP00000270570,0
3397,ENSP00000233627,0
9878,ENSP00000266970,0
468595,ENSP00000329374,0
122296,ENSP00000419027,0
18830,ENSP00000330032,0
43815,ENSP00000307445,0
312,ENSP00000319501,1
2462,ENSP00000336528,1
3158,ENSP00000292180,0
119058,ENSP00000366416,0
11626560,ENSP00000302486,0
222528,ENSP00000340684,0
65243,ENSP00000254301,0
445154,ENSP00000360372,1
1917,ENSP00000309968,0
6013,ENSP00000333534,1
252716,ENSP00000400175,0
2370,ENSP00000297988,0
1080,ENSP00000322898,0
3823,ENSP00000222982,1
65750,ENSP00000262848,0
5771,ENSP00000308583,0
114892,ENSP00000322924,0
107772,ENSP00000250559,0
4106,ENSP00000260324,0
838,ENSP00000258400,1
19,ENSP00000354728,0
312,ENSP00000431418,1
27400,ENSP00000385638,0
126941,ENSP00000379680,0
71120,ENSP00000373700,0
3405,ENSP00000225504,0
35370,ENSP00000301634,1
444,ENSP00000203407,0
4536,ENSP00000264668,0
1117,ENSP00000250378,1
2714,ENSP00000360576,0
5352624,ENSP00000263464,0
312,ENSP00000402084,1
5282280,ENSP00000256906,1
1051,ENSP00000305974,0
121850,ENSP00000360991,0
104741,ENSP00000351905,0
4159,ENSP00000355206,0
155346,ENSP00000255380,0
72172,ENSP00000228476,0
23930,ENSP00000342235,1
9917021,ENSP00000260116,0
3340,ENSP00000261835,0
6337614,ENSP00000296412,0
1229,ENSP00000307766,1
3937,ENSP00000290866,1
47811,ENSP00000306662,1
5508,ENSP00000370213,0
9823820,ENSP00000328708,0
5408,ENSP00000360968,1
198792,ENSP00000337332,0
16133831,ENSP00000379680,0
3547,ENSP00000275493,0
444732,ENSP00000231948,0
179837,ENSP00000364649,0
4992,ENSP00000216714,0
312,ENSP00000253122,1
3392,ENSP00000358511,0
424,ENSP00000265113,1
2662,ENSP00000308541,0
593,ENSP00000292614,1
311,ENSP00000392411,1
679,ENSP00000295256,1
3016,ENSP00000356713,0
1130,ENSP00000267814,0
2761,ENSP00000302232,0
312,ENSP00000362273,1
5011,ENSP00000254976,0
5732,ENSP00000023897,1
10635,ENSP00000263464,0
55245,ENSP00000231509,1
644073,ENSP00000311572,0
5311304,ENSP00000301146,0
187,ENSP00000249041,1
6918638,ENSP00000365773,0
23994,ENSP00000373884,0
5452,ENSP00000255380,1
4477,ENSP00000333534,0
3081361,ENSP00000350941,1
5462501,ENSP00000252519,1
5074,ENSP00000289753,1
667490,ENSP00000354687,0
314,ENSP00000442050,1
60961,ENSP00000358814,1
5401,ENSP00000309148,0
3381,ENSP00000351035,0
5324345,ENSP00000297494,0
5408,ENSP00000333534,1
123696,ENSP00000231449,0
59768,ENSP00000359991,0
5360515,ENSP00000417214,0
5032,ENSP00000271450,0
23931,ENSP00000273550,1
71120,ENSP00000362353,0
5278,ENSP00000352584,1
2826,ENSP00000282096,0
2477,ENSP00000428426,0
11301,ENSP00000369816,1
750,ENSP00000364475,0
3339,ENSP00000348897,0
91649,ENSP00000295055,0
4212,ENSP00000345023,0
312145,ENSP00000254227,0
28517,ENSP00000217426,0
2812,ENSP00000410732,0
5487,ENSP00000264690,0
774,ENSP00000255008,1
216326,ENSP00000289575,0
5572,ENSP00000306490,1
3151,ENSP00000370989,0
5374,ENSP00000235521,0
122024,ENSP00000263621,1
5512,ENSP00000358730,0
1978,ENSP00000358301,1
2370,ENSP00000409378,1
3343,ENSP00000395574,0
723,ENSP00000219240,1
3008,ENSP00000265465,0
23994,ENSP00000276651,1
44404987,ENSP00000332816,0
16197727,ENSP00000302150,0
4036,ENSP00000382595,0
3883,ENSP00000267377,0
214,ENSP00000366244,0
60809,ENSP00000323811,0
3008,ENSP00000370223,0
447700,ENSP00000288699,0
9395,ENSP00000264382,0
942,ENSP00000342070,0
4066,ENSP00000365773,0
2534,ENSP00000335084,1
2763,ENSP00000302150,0
4184,ENSP00000265572,1
6918537,ENSP00000257248,0
285,ENSP00000354813,0
2354,ENSP00000308541,0
1204,ENSP00000361125,0
94701,ENSP00000353731,1
2131,ENSP00000264381,1
314,ENSP00000205402,0
3304,ENSP00000310721,0
439260,ENSP00000258042,1
71120,ENSP00000322909,0
114999,ENSP00000372191,0
4926,ENSP00000252029,0
151069,ENSP00000275605,0
312,ENSP00000331736,1
160355,ENSP00000405965,0
19143,ENSP00000344220,0
1615,ENSP00000270349,1
1355,ENSP00000288022,0
3198,ENSP00000377721,0
1065,ENSP00000270570,1
9933475,ENSP00000288135,1
5287844,ENSP00000339740,1
158,ENSP00000359793,1
187,ENSP00000276651,0
191,ENSP00000358730,1
5732,ENSP00000348897,1
2987,ENSP00000356022,0
312,ENSP00000350616,1
2215,ENSP00000372023,0
5311,ENSP00000217185,0
1541,ENSP00000351755,1
5464105,ENSP00000342850,0
23994,ENSP00000290866,1
2978,ENSP00000303634,0
6726,ENSP00000222553,0
1117,ENSP00000217961,1
149,ENSP00000314441,0
4932,ENSP00000250971,0
3559,ENSP00000378191,0
1130,ENSP00000258743,0
23931,ENSP00000297991,1
4100,ENSP00000345659,1
5032,ENSP00000372654,0
392622,ENSP00000303424,0
5288826,ENSP00000362674,0
1117,ENSP00000358107,1
192314,ENSP00000466420,0
59693,ENSP00000350785,0
72968,ENSP00000217426,1
72172,ENSP00000394624,0
5790,ENSP00000428426,0
702,ENSP00000378359,1
222528,ENSP00000264668,0
1219,ENSP00000232607,0
838,ENSP00000307766,1
1615,ENSP00000329858,0
18830,ENSP00000261900,0
4631,ENSP00000310721,0
5078,ENSP00000308032,0
593,ENSP00000357204,0
5566,ENSP00000199280,0
2354,ENSP00000354193,1
1117,ENSP00000412237,1
1541,ENSP00000370254,0
5523,ENSP00000356070,0
129806,ENSP00000337761,0
10182969,ENSP00000369134,0
564,ENSP00000264690,0
5533,ENSP00000369100,0
2325,ENSP00000345659,0
1541,ENSP00000228434,0
424,ENSP00000222482,1
191,ENSP00000386069,1
311,ENSP00000331201,1
5288826,ENSP00000234961,1
5281969,ENSP00000227868,0
1117,ENSP00000264818,1
3739,ENSP00000219700,0
3158,ENSP00000266517,0
3153,ENSP00000005178,0
192314,ENSP00000288602,0
942,ENSP00000357461,1
1148,ENSP00000235521,1
2370,ENSP00000364801,0
23930,ENSP00000319814,1
3168,ENSP00000367959,1
443408,ENSP00000265572,1
1117,ENSP00000269980,1
54454,ENSP00000265724,1
643976,ENSP00000272298,1
50599,ENSP00000381333,0
3405,ENSP00000450560,1
4380,ENSP00000292823,0
4585,ENSP00000322924,1
2118,ENSP00000269980,0
36811,ENSP00000358301,1
4534,ENSP00000333982,0
68848,ENSP00000327251,0
3241,ENSP00000274793,0
5311037,ENSP00000336630,1
114999,ENSP00000229135,0
2854,ENSP00000310721,0
177236,ENSP00000315011,1
3413,ENSP00000302441,0
129806,ENSP00000010404,0
4585,ENSP00000306662,1
785,ENSP00000285379,1
3883,ENSP00000011292,0
72430,ENSP00000262178,0
5329099,ENSP00000367545,0
5287620,ENSP00000265986,0
6047,ENSP00000448059,1
5381226,ENSP00000267085,0
5330286,ENSP00000257904,1
2332,ENSP00000389948,0
445420,ENSP00000447378,0
5894,ENSP00000261900,1
1117,ENSP00000363988,1
3598,ENSP00000381412,0
2725,ENSP00000305372,0
47811,ENSP00000408695,0
6000,ENSP00000308176,0
4745,ENSP00000369960,1
10280735,ENSP00000383840,0
298,ENSP00000256906,1
1935,ENSP00000301634,0
3869,ENSP00000306662,1
312,ENSP00000264381,1
3033538,ENSP00000012443,0
5515,ENSP00000342385,0
774,ENSP00000451605,1
3559,ENSP00000280155,1
6918638,ENSP00000354511,0
178013,ENSP00000360406,0
104973,ENSP00000347495,0
5280723,ENSP00000311291,1
424,ENSP00000377947,0
5526,ENSP00000380247,0
312,ENSP00000367408,1
71739,ENSP00000361845,0
4253,ENSP00000358511,1
2524,ENSP00000340684,0
4430,ENSP00000251607,0
2968,ENSP00000236826,0
5095,ENSP00000176183,1
4926,ENSP00000360541,0
311,ENSP00000370223,1
439260,ENSP00000315011,1
838,ENSP00000349003,1
123015,ENSP00000357981,0
4184,ENSP00000320147,0
4911,ENSP00000362401,0
11626560,ENSP00000367102,0
3419,ENSP00000265724,0
5203,ENSP00000386029,0
4168,ENSP00000333685,0
23994,ENSP00000297494,1
158,ENSP00000307766,1
72430,ENSP00000252519,0
5056,ENSP00000320043,0
2719,ENSP00000222553,0
5329099,ENSP00000337450,0
718,ENSP00000339933,1
2949,ENSP00000248114,0
71616,ENSP00000296412,0
936,ENSP00000230882,0
55482,ENSP00000309591,0
4889,ENSP00000346001,0
6917655,ENSP00000295087,0
214,ENSP00000286479,0
54459,ENSP00000261835,0
3016,ENSP00000339503,0
3891,ENSP00000366506,0
5645,ENSP00000351410,0
19,ENSP00000362608,0
4423,ENSP00000348461,0
191,ENSP00000353915,1
951,ENSP00000359532,1
3883,ENSP00000370213,0
1117,ENSP00000215832,1
5267,ENSP00000231509,1
198792,ENSP00000274545,0
3671,ENSP00000242375,0
4585,ENSP00000381607,0
1541,ENSP00000280155,1
1440,ENSP00000293761,1
5282280,ENSP00000327070,0
27400,ENSP00000318355,0
191,ENSP00000441600,1
6675,ENSP00000353720,1
4885,ENSP00000253792,0
4865,ENSP00000339001,1
5076,ENSP00000285381,0
60791,ENSP00000325312,1
1117,ENSP00000353731,1
23994,ENSP00000357066,1
1117,ENSP00000267101,1
5408,ENSP00000298472,0
942,ENSP00000368066,0
5572,ENSP00000255380,1
5284569,ENSP00000206249,0
5056,ENSP00000360372,1
447700,ENSP00000354347,0
6741,ENSP00000001008,0
125017,ENSP00000369134,0
5077,ENSP00000285930,0
4528,ENSP00000230882,0
439260,ENSP00000369643,1
10182969,ENSP00000216194,0
3391,ENSP00000308750,0
2244,ENSP00000354612,1
4533,ENSP00000378394,0
5202,ENSP00000322617,1
6422124,ENSP00000386069,1
36920,ENSP00000316244,1
838,ENSP00000316244,1
1798,ENSP00000299267,0
3826,ENSP00000217961,0
1117,ENSP00000312286,1
2162,ENSP00000355192,1
3086685,ENSP00000362924,0
3404,ENSP00000326227,0
723,ENSP00000379133,0
1548943,ENSP00000331327,0
5314,ENSP00000295055,0
3762,ENSP00000289957,0
4066,ENSP00000443194,0
6505803,ENSP00000260970,0
3177,ENSP00000357907,0
312,ENSP00000219054,1
33624,ENSP00000344220,0
5076,ENSP00000451605,0
5202,ENSP00000367959,1
610,ENSP00000364289,0
2524,ENSP00000206249,1
951,ENSP00000359899,1
439260,ENSP00000451605,1
107778,ENSP00000263182,0
3692,ENSP00000265593,0
439260,ENSP00000342560,1
3016,ENSP00000274547,1
